12345678901234567890123456789012345678901234567890123456789012345
11111111111111111111111111111111111111111111111111111111111111111
11111111111111111111111111111111111111111111111111111111111111111
00011111111111111111111111111111111111111111111111111111111111100
00011111111111111111111111111111111111111111111111110011111111000
00111111111111111111111111111111111111111111111111111101111110000
01111111111111111111111111111111111111111111111111111110111000000
11111111111111111111111111111111111111001111111111111111000000011
11111111111111111111111111111100000000000111111111111111000000011
11111111111111111111111111100000000000000011111111111111000000011
11111111111111111111111111000000000000000011111111111000000000011
11111111111111111111111110000000000000000001111111110000000000111
11111111111111111111111100000000000000000000111111110000000000111
11111111111111111111111000000000000000000000111111000000000001111
11111111111101110111111000000000000000000000001111100000000001111
11111111111000110011111100000000000000000000000011111110000001111
11111111111000110011111100000000000000000000000001111111100000111
00111111110000000011111111100000000000000000000000111111111000000
00111111100000000001111111110000000000000000000000111111111000000
00111111100000000000011111110000000000000000000000111111111000000
00011111100000000000001111110000000000000000000000011111111000000
00011111000000000000011111111000000000000000000000001111110000000
00011111000000000000011111111000000000000000000000001111110000000
00001110000000000000011111111000000000000000000000011111100000000
00000000000000000000000001110000000000000000000000011111000000000
00000000000000000000000000000000000000000000000000011100000000000
00000000000000000000000000000000000000000000000000011100000000000
00000000000000000000000000000000000000000000000000000000000000000
00000000000000000000000000000000000000000000000000000000000000000
00000111111111111111111111111110000000000000000000001110000000000
11111111111111111111111111111110000000001111111111111110000011111
11111111111111111111111111111110000011111111111111111111001111111
11111111111111111111111111111111111111111111111111111111111111111
11111111111111111111111111111111111111111111111111111111111111111
  31 0000000000000000000000000000000000000000000000000000000000000000
  30 1110000000000000000000000000000000000000000000000000000000000011
  29 1110000000000000000000000000000000000000000000000001110000000111
  28 1110000000000000000000000000000000000000000000000001111000001111
  27 1100000000000000000000000000000000000000000000000000011100111111
  26 1000000000000000000000000000000000000111000000000000001111111111
  25 0000000000000000000000000000011111111111100000000000000111111110
  24 0000000000000000000000000011111111111111110000000000000111111110
  23 0000000000000000000000000111111111111111110000000000111111111110
  22 0000000000000000000000001111111111111111111000000001111111111110
  21 0000000000000000000000011111111111111111111100000001111111111100
  20 0000000000000000000000111111111111111111111100000111111111111100
  19 0000000000011001100000111111111111111111111111000111111111111000
  18 0000000000111101110000111111111111111111111111110011111111111000
  17 0000000000111101110000011111111111111111111111111000001111111100
  16 1100000001111111110000011111111111111111111111111100000011111111
  15 1100000011111111111000000011111111111111111111111100000000111111
  14 1100000011111111111110000001111111111111111111111100000000111111
  13 1110000011111111111111000001111111111111111111111110000000111111
  12 1110000111111111111111000001111111111111111111111111000001111111
  11 1110000111111111111110000000111111111111111111111111000001111111
  10 1111001111111111111110000000111111111111111111111111000011111111
   9 1111111111111111111111111001111111111111111111111110000111111111
   8 1111111111111111111111111111111111111111111111111110011111111111
   7 1111111111111111111111111111111111111111111111111110011111111111
   6 1111111111111111111111111111111111111111111111111111111111111111
   5 1111111111111111111111111111111111111111111111111111111111111111
   4 1111111111111111111111111111111111111111111111111111111111111111
   3 1111100000000000000000000000001111111111111111111111001111111111
   2 0000000000000000000000000000001111111111000000000000001111110000
   1 0000000000000000000000000000001111110000000000000000000111000000
   0 0000000000000000000000000000000000000000000000000000000000000000
