fraction d ocean
      0.0000000000000000      0.0000000000000000      0.0000000000000000
      0.0000000000000000      0.0000000000000000      0.0000000000000000
      0.0000000000000000      0.0000000000000000      0.0000000000000000
      0.0000000000000000      0.0000000000000000      0.0000000000000000
      0.0000000000000000      0.0000000000000000      0.0000000000000000
      0.0000000000000000      0.0000000000000000      0.0000000000000000
      0.0000000000000000      0.0000000000000000      0.0000000000000000
      0.0000000000000000      0.0000000000000000      0.0000000000000000
      0.0000000000000000      0.0000000000000000      0.0000000000000000
      0.0000000000000000      0.0000000000000000      0.0000000000000000
      0.0000000000000000      0.0000000000000000      0.0000000000000000
      0.0007162094116211      0.0000000000000000      0.0000000000000000
      0.0000000000000000      0.0000000000000000      0.0000000000000000
      0.0000000000000000      0.0000000000000000      0.0000000000000000
      0.0000000000000000      0.0000000000000000      0.0000000000000000
      0.0000000000000000      0.0000000000000000      0.0000000000000000
      0.0000000000000000      0.0000000000000000      0.0000000000000000
      0.0000000000000000      0.0000000000000000      0.0000000000000000
      0.0000000000000000      0.0000000000000000      0.0000000000000000
      0.0000000000000000      0.0000000000000000      0.0000000000000000
      0.0000000000000000      0.0000000000000000      0.0000000000000000
      0.0000000000000000      0.0000000000000000      0.0000000000000000
      0.0000000000000000      0.0000000000000000      0.0000000000000000
      0.0000000000000000      0.0000000000000000      0.0000000000000000
      0.0000000000000000      0.0000000000000000      0.0000000000000000
      0.0000000000000000      0.0000000000000000      0.0000000000000000
      0.0000000000000000      0.0000000000000000      0.0000000000000000
      0.0000000000000000      0.0000000000000000      0.0000000000000000
      0.0000000000000000      0.0000000000000000      0.0000000000000000
      0.0000000000000000      0.0000000000000000      0.0000000000000000
      0.0000000000000000      0.0000000000000000      0.0000000000000000
      0.0271285176277161      0.0065895318984985      0.0006665587425232
      0.0752219557762146      0.1131528615951538      0.1297569870948792
      0.1459807753562927      0.0334798693656921      0.0002147555351257
      0.0000000000000000      0.0000000000000000      0.0000000000000000
      0.0000000000000000      0.0000000000000000      0.0000000000000000
      0.0000000000000000      0.0000000000000000      0.0000000000000000
      0.0000000000000000      0.0000000000000000      0.0000000000000000
      0.0001788139343262      0.0009036660194397      0.0007184743881226
      0.0000000000000000      0.0000000000000000      0.0000000000000000
      0.0915667414665222      0.1477031707763672      0.0306667685508728
      0.0000000000000000      0.0000000000000000      0.0000000000000000
      0.0000000000000000      0.0000000000000000      0.0000000000000000
      0.0000000000000000      0.0000000000000000      0.0000000000000000
      0.0000000000000000      0.0000000000000000      0.0000000000000000
      0.0000000000000000      0.0000000000000000      0.0000000000000000
      0.0000000000000000      0.0000000000000000      0.0086632966995239
      0.0000000000000000      0.0000000000000000      0.0000000000000000
      0.0000000000000000      0.0000000000000000      0.0000000000000000
      0.0000000000000000      0.0000000000000000      0.0000000000000000
      0.0000000000000000      0.0000000000000000      0.0000000000000000
      0.0000000000000000      0.0000000000000000      0.0000000000000000
      0.0000000000000000      0.2641357183456421      1.0000000000000000
      1.0000000000000000      1.0000000000000000      1.0000000000000000
      1.0000000000000000      1.0000000000000000      1.0000000000000000
      1.0000000000000000      1.0000000000000000      1.0000000000000000
      0.4882447719573975      0.4056671261787415      0.3166680932044983
      0.3603868484497070      0.4044028520584106      0.5149782896041870
      0.1168832778930664      0.0553985834121704      0.1284158825874329
      0.2621728181838989      0.1595570445060730      0.0838612318038940
      0.0009669661521912      0.1387988328933716      1.0000000000000000
      1.0000000000000000      1.0000000000000000      1.0000000000000000
      1.0000000000000000      1.0000000000000000      0.3767182230949402
      0.1004806160926819      0.0099192857742310      0.0000000000000000
      1.0000000000000000      1.0000000000000000      1.0000000000000000
      1.0000000000000000      1.0000000000000000      1.0000000000000000
      0.5596407651901245      0.5236709117889404      0.2528841495513916
      0.0728706121444702      0.0561142563819885      0.2048934102058411
      0.3881134390830994      0.7182868719100952      0.3850284814834595
      0.1543213725090027      0.0634052753448486      0.0328908562660217
      0.0084211826324463      0.0310233235359192      0.0205873250961304
      0.1338610053062439      0.0661561489105225      0.0587631464004517
      0.0002905726432800      0.0644415616989136      0.2730641961097717
      0.3860247135162354      0.5143011808395386      1.0000000000000000
      1.0000000000000000      1.0000000000000000      1.0000000000000000
      1.0000000000000000      1.0000000000000000      1.0000000000000000
      1.0000000000000000      1.0000000000000000      1.0000000000000000
      1.0000000000000000      1.0000000000000000      1.0000000000000000
      1.0000000000000000      1.0000000000000000      1.0000000000000000
      1.0000000000000000      1.0000000000000000      1.0000000000000000
      1.0000000000000000      1.0000000000000000      1.0000000000000000
      1.0000000000000000      0.2835647463798523      0.2899605631828308
      1.0000000000000000      1.0000000000000000      1.0000000000000000
      1.0000000000000000      1.0000000000000000      1.0000000000000000
      1.0000000000000000      1.0000000000000000      1.0000000000000000
      1.0000000000000000      1.0000000000000000      1.0000000000000000
      1.0000000000000000      1.0000000000000000      1.0000000000000000
      1.0000000000000000      1.0000000000000000      1.0000000000000000
      1.0000000000000000      1.0000000000000000      1.0000000000000000
      1.0000000000000000      1.0000000000000000      1.0000000000000000
      1.0000000000000000      1.0000000000000000      1.0000000000000000
      1.0000000000000000      1.0000000000000000      1.0000000000000000
      1.0000000000000000      1.0000000000000000      1.0000000000000000
      1.0000000000000000      1.0000000000000000      1.0000000000000000
      1.0000000000000000      1.0000000000000000      1.0000000000000000
      1.0000000000000000      1.0000000000000000      1.0000000000000000
      1.0000000000000000      1.0000000000000000      1.0000000000000000
      1.0000000000000000      1.0000000000000000      1.0000000000000000
      1.0000000000000000      1.0000000000000000      1.0000000000000000
      1.0000000000000000      1.0000000000000000      1.0000000000000000
      1.0000000000000000      1.0000000000000000      1.0000000000000000
      1.0000000000000000      1.0000000000000000      1.0000000000000000
      1.0000000000000000      1.0000000000000000      1.0000000000000000
      1.0000000000000000      1.0000000000000000      1.0000000000000000
      1.0000000000000000      1.0000000000000000      1.0000000000000000
      1.0000000000000000      1.0000000000000000      1.0000000000000000
      1.0000000000000000      1.0000000000000000      1.0000000000000000
      1.0000000000000000      1.0000000000000000      1.0000000000000000
      1.0000000000000000      1.0000000000000000      1.0000000000000000
      1.0000000000000000      1.0000000000000000      1.0000000000000000
      1.0000000000000000      1.0000000000000000      1.0000000000000000
      1.0000000000000000      1.0000000000000000      1.0000000000000000
      1.0000000000000000      1.0000000000000000      1.0000000000000000
      1.0000000000000000      1.0000000000000000      1.0000000000000000
      1.0000000000000000      1.0000000000000000      1.0000000000000000
      1.0000000000000000      1.0000000000000000      1.0000000000000000
      1.0000000000000000      1.0000000000000000      1.0000000000000000
      1.0000000000000000      1.0000000000000000      1.0000000000000000
      1.0000000000000000      1.0000000000000000      1.0000000000000000
      1.0000000000000000      1.0000000000000000      1.0000000000000000
      1.0000000000000000      1.0000000000000000      1.0000000000000000
      1.0000000000000000      1.0000000000000000      1.0000000000000000
      1.0000000000000000      1.0000000000000000      1.0000000000000000
      1.0000000000000000      1.0000000000000000      1.0000000000000000
      1.0000000000000000      1.0000000000000000      1.0000000000000000
      1.0000000000000000      1.0000000000000000      1.0000000000000000
      1.0000000000000000      1.0000000000000000      1.0000000000000000
      1.0000000000000000      1.0000000000000000      1.0000000000000000
      1.0000000000000000      1.0000000000000000      1.0000000000000000
      1.0000000000000000      1.0000000000000000      1.0000000000000000
      1.0000000000000000      1.0000000000000000      1.0000000000000000
      1.0000000000000000      1.0000000000000000      1.0000000000000000
      1.0000000000000000      1.0000000000000000      1.0000000000000000
      1.0000000000000000      1.0000000000000000      1.0000000000000000
      1.0000000000000000      1.0000000000000000      1.0000000000000000
      1.0000000000000000      1.0000000000000000      1.0000000000000000
      1.0000000000000000      1.0000000000000000      1.0000000000000000
      1.0000000000000000      1.0000000000000000      1.0000000000000000
      1.0000000000000000      1.0000000000000000      1.0000000000000000
      1.0000000000000000      1.0000000000000000      1.0000000000000000
      1.0000000000000000      1.0000000000000000      1.0000000000000000
      1.0000000000000000      1.0000000000000000      1.0000000000000000
      1.0000000000000000      1.0000000000000000      1.0000000000000000
      1.0000000000000000      1.0000000000000000      1.0000000000000000
      1.0000000000000000      1.0000000000000000      1.0000000000000000
      1.0000000000000000      1.0000000000000000      1.0000000000000000
      1.0000000000000000      1.0000000000000000      1.0000000000000000
      1.0000000000000000      1.0000000000000000      1.0000000000000000
      1.0000000000000000      1.0000000000000000      1.0000000000000000
      1.0000000000000000      1.0000000000000000      1.0000000000000000
      1.0000000000000000      1.0000000000000000      1.0000000000000000
      1.0000000000000000      1.0000000000000000      1.0000000000000000
      1.0000000000000000      1.0000000000000000      1.0000000000000000
      1.0000000000000000      1.0000000000000000      1.0000000000000000
      1.0000000000000000      1.0000000000000000      1.0000000000000000
      1.0000000000000000      1.0000000000000000      1.0000000000000000
      1.0000000000000000      1.0000000000000000      1.0000000000000000
      1.0000000000000000      1.0000000000000000      1.0000000000000000
      1.0000000000000000      1.0000000000000000      1.0000000000000000
      1.0000000000000000      1.0000000000000000      1.0000000000000000
      1.0000000000000000      1.0000000000000000      1.0000000000000000
      1.0000000000000000      1.0000000000000000      1.0000000000000000
      1.0000000000000000      1.0000000000000000      1.0000000000000000
      1.0000000000000000      1.0000000000000000      1.0000000000000000
      1.0000000000000000      1.0000000000000000      1.0000000000000000
      1.0000000000000000      1.0000000000000000      1.0000000000000000
      1.0000000000000000      0.1679259538650513      0.3567347526550293
      1.0000000000000000      1.0000000000000000      1.0000000000000000
      1.0000000000000000      1.0000000000000000      1.0000000000000000
      1.0000000000000000      1.0000000000000000      1.0000000000000000
      1.0000000000000000      1.0000000000000000      1.0000000000000000
      1.0000000000000000      1.0000000000000000      1.0000000000000000
      1.0000000000000000      1.0000000000000000      1.0000000000000000
      1.0000000000000000      1.0000000000000000      1.0000000000000000
      1.0000000000000000      1.0000000000000000      1.0000000000000000
      1.0000000000000000      1.0000000000000000      1.0000000000000000
      1.0000000000000000      1.0000000000000000      1.0000000000000000
      1.0000000000000000      1.0000000000000000      1.0000000000000000
      1.0000000000000000      1.0000000000000000      1.0000000000000000
      1.0000000000000000      1.0000000000000000      1.0000000000000000
      1.0000000000000000      1.0000000000000000      1.0000000000000000
      0.6323485374450684      1.0000000000000000      1.0000000000000000
      1.0000000000000000      1.0000000000000000      1.0000000000000000
      1.0000000000000000      1.0000000000000000      1.0000000000000000
      1.0000000000000000      1.0000000000000000      1.0000000000000000
      1.0000000000000000      1.0000000000000000      1.0000000000000000
      1.0000000000000000      1.0000000000000000      1.0000000000000000
      1.0000000000000000      1.0000000000000000      0.4197235703468323
      0.0396466851234436      1.0000000000000000      1.0000000000000000
      1.0000000000000000      1.0000000000000000      1.0000000000000000
      1.0000000000000000      1.0000000000000000      1.0000000000000000
      1.0000000000000000      1.0000000000000000      1.0000000000000000
      1.0000000000000000      1.0000000000000000      1.0000000000000000
      1.0000000000000000      1.0000000000000000      1.0000000000000000
      1.0000000000000000      1.0000000000000000      1.0000000000000000
      1.0000000000000000      1.0000000000000000      1.0000000000000000
      1.0000000000000000      1.0000000000000000      1.0000000000000000
      1.0000000000000000      1.0000000000000000      1.0000000000000000
      1.0000000000000000      1.0000000000000000      1.0000000000000000
      1.0000000000000000      1.0000000000000000      1.0000000000000000
      1.0000000000000000      0.2592943310737610      0.0637841224670410
      1.0000000000000000      1.0000000000000000      1.0000000000000000
      1.0000000000000000      1.0000000000000000      1.0000000000000000
      1.0000000000000000      1.0000000000000000      1.0000000000000000
      1.0000000000000000      1.0000000000000000      1.0000000000000000
      1.0000000000000000      1.0000000000000000      1.0000000000000000
      1.0000000000000000      1.0000000000000000      1.0000000000000000
      1.0000000000000000      1.0000000000000000      1.0000000000000000
      1.0000000000000000      1.0000000000000000      1.0000000000000000
      0.5746345520019531      0.0000000000000000      0.0032152533531189
      0.4792458415031433      1.0000000000000000      1.0000000000000000
      1.0000000000000000      1.0000000000000000      1.0000000000000000
      1.0000000000000000      1.0000000000000000      1.0000000000000000
      1.0000000000000000      1.0000000000000000      1.0000000000000000
      1.0000000000000000      0.5670509338378906      0.0000000000000000
      0.1376056075096130      1.0000000000000000      1.0000000000000000
      1.0000000000000000      1.0000000000000000      1.0000000000000000
      1.0000000000000000      1.0000000000000000      1.0000000000000000
      1.0000000000000000      1.0000000000000000      1.0000000000000000
      1.0000000000000000      1.0000000000000000      1.0000000000000000
      1.0000000000000000      0.0204967856407166      0.0395318269729614
      0.2320215106010437      0.0625378489494324      0.0017411708831787
      0.0000000000000000      0.2954663038253784      1.0000000000000000
      1.0000000000000000      1.0000000000000000      1.0000000000000000
      1.0000000000000000      1.0000000000000000      1.0000000000000000
      1.0000000000000000      1.0000000000000000      1.0000000000000000
      1.0000000000000000      1.0000000000000000      1.0000000000000000
      1.0000000000000000      1.0000000000000000      1.0000000000000000
      1.0000000000000000      1.0000000000000000      1.0000000000000000
      1.0000000000000000      1.0000000000000000      1.0000000000000000
      1.0000000000000000      0.7957650423049927      0.0000000000000000
      0.0000000000000000      0.0000000000000000      0.4888408780097961
      1.0000000000000000      1.0000000000000000      1.0000000000000000
      1.0000000000000000      1.0000000000000000      1.0000000000000000
      1.0000000000000000      1.0000000000000000      1.0000000000000000
      1.0000000000000000      1.0000000000000000      0.1239174604415894
      0.0000000000000000      0.0000000000000000      0.4162164330482483
      1.0000000000000000      0.5914879441261292      1.0000000000000000
      1.0000000000000000      1.0000000000000000      1.0000000000000000
      1.0000000000000000      1.0000000000000000      1.0000000000000000
      1.0000000000000000      1.0000000000000000      1.0000000000000000
      1.0000000000000000      1.0000000000000000      0.0000000000000000
      0.0000000000000000      0.0000000000000000      0.0000000000000000
      0.0000000000000000      0.0000000000000000      0.4578806757926941
      1.0000000000000000      1.0000000000000000      1.0000000000000000
      1.0000000000000000      1.0000000000000000      1.0000000000000000
      1.0000000000000000      1.0000000000000000      1.0000000000000000
      1.0000000000000000      1.0000000000000000      1.0000000000000000
      1.0000000000000000      1.0000000000000000      1.0000000000000000
      1.0000000000000000      1.0000000000000000      1.0000000000000000
      1.0000000000000000      1.0000000000000000      1.0000000000000000
      1.0000000000000000      1.0000000000000000      1.0000000000000000
      0.0006825327873230      0.0000000000000000      0.0000000000000000
      0.0532608032226562      1.0000000000000000      1.0000000000000000
      1.0000000000000000      1.0000000000000000      1.0000000000000000
      1.0000000000000000      1.0000000000000000      1.0000000000000000
      1.0000000000000000      1.0000000000000000      1.0000000000000000
      0.0004281997680664      0.0000000000000000      0.0000000000000000
      0.1433817148208618      1.0000000000000000      1.0000000000000000
      0.7915706038475037      1.0000000000000000      1.0000000000000000
      1.0000000000000000      1.0000000000000000      1.0000000000000000
      1.0000000000000000      1.0000000000000000      1.0000000000000000
      1.0000000000000000      1.0000000000000000      1.0000000000000000
      1.0000000000000000      0.1168421506881714      0.0000000000000000
      0.0000000000000000      0.0335336327552795      0.3026168346405029
      1.0000000000000000      1.0000000000000000      1.0000000000000000
      1.0000000000000000      1.0000000000000000      1.0000000000000000
      1.0000000000000000      1.0000000000000000      1.0000000000000000
      1.0000000000000000      1.0000000000000000      1.0000000000000000
      1.0000000000000000      1.0000000000000000      1.0000000000000000
      1.0000000000000000      1.0000000000000000      1.0000000000000000
      1.0000000000000000      1.0000000000000000      1.0000000000000000
      1.0000000000000000      1.0000000000000000      1.0000000000000000
      1.0000000000000000      0.0114069581031799      0.0000000000000000
      0.0000000000000000      0.0000000000000000      0.0000000000000000
      0.6028455495834351      1.0000000000000000      1.0000000000000000
      1.0000000000000000      1.0000000000000000      1.0000000000000000
      1.0000000000000000      1.0000000000000000      1.0000000000000000
      1.0000000000000000      0.0000000000000000      0.0000000000000000
      0.0000000000000000      0.0000000000000000      0.2987555861473083
      1.0000000000000000      1.0000000000000000      1.0000000000000000
      1.0000000000000000      1.0000000000000000      1.0000000000000000
      1.0000000000000000      1.0000000000000000      1.0000000000000000
      1.0000000000000000      1.0000000000000000      1.0000000000000000
      1.0000000000000000      1.0000000000000000      1.0000000000000000
      0.4545824527740479      0.2775334715843201      1.0000000000000000
      1.0000000000000000      1.0000000000000000      1.0000000000000000
      1.0000000000000000      1.0000000000000000      1.0000000000000000
      1.0000000000000000      1.0000000000000000      1.0000000000000000
      1.0000000000000000      1.0000000000000000      1.0000000000000000
      1.0000000000000000      1.0000000000000000      1.0000000000000000
      1.0000000000000000      1.0000000000000000      1.0000000000000000
      1.0000000000000000      1.0000000000000000      1.0000000000000000
      1.0000000000000000      1.0000000000000000      1.0000000000000000
      1.0000000000000000      0.0743525624275208      0.0000000000000000
      0.0000000000000000      0.0000000000000000      0.0000000000000000
      0.0000000000000000      0.3440092206001282      1.0000000000000000
      1.0000000000000000      1.0000000000000000      1.0000000000000000
      1.0000000000000000      1.0000000000000000      1.0000000000000000
      1.0000000000000000      1.0000000000000000      0.0000000000000000
      0.0000000000000000      0.0000000000000000      0.0000000000000000
      0.4716291427612305      1.0000000000000000      1.0000000000000000
      1.0000000000000000      1.0000000000000000      1.0000000000000000
      1.0000000000000000      1.0000000000000000      1.0000000000000000
      1.0000000000000000      1.0000000000000000      1.0000000000000000
      1.0000000000000000      1.0000000000000000      1.0000000000000000
      1.0000000000000000      1.0000000000000000      1.0000000000000000
      1.0000000000000000      0.5548728704452515      1.0000000000000000
      1.0000000000000000      1.0000000000000000      1.0000000000000000
      1.0000000000000000      1.0000000000000000      1.0000000000000000
      1.0000000000000000      1.0000000000000000      1.0000000000000000
      1.0000000000000000      1.0000000000000000      1.0000000000000000
      1.0000000000000000      1.0000000000000000      1.0000000000000000
      1.0000000000000000      1.0000000000000000      1.0000000000000000
      1.0000000000000000      1.0000000000000000      1.0000000000000000
      1.0000000000000000      0.4094333648681641      0.0000000000000000
      0.0000000000000000      0.0000000000000000      0.0000000000000000
      0.0000000000000000      0.0000000000000000      0.0036439299583435
      1.0000000000000000      1.0000000000000000      1.0000000000000000
      1.0000000000000000      1.0000000000000000      1.0000000000000000
      1.0000000000000000      1.0000000000000000      0.3148338794708252
      0.0000000000000000      0.0000000000000000      0.0000000000000000
      0.0000000000000000      0.2686289548873901      1.0000000000000000
      1.0000000000000000      1.0000000000000000      1.0000000000000000
      1.0000000000000000      1.0000000000000000      1.0000000000000000
      1.0000000000000000      1.0000000000000000      1.0000000000000000
      0.5387442111968994      1.0000000000000000      0.4050887227058411
      0.6229062080383301      1.0000000000000000      1.0000000000000000
      1.0000000000000000      0.4736883044242859      1.0000000000000000
      1.0000000000000000      1.0000000000000000      1.0000000000000000
      1.0000000000000000      1.0000000000000000      1.0000000000000000
      1.0000000000000000      1.0000000000000000      1.0000000000000000
      1.0000000000000000      1.0000000000000000      1.0000000000000000
      1.0000000000000000      1.0000000000000000      1.0000000000000000
      1.0000000000000000      1.0000000000000000      1.0000000000000000
      1.0000000000000000      1.0000000000000000      1.0000000000000000
      1.0000000000000000      1.0000000000000000      0.1497187018394470
      0.0000000000000000      0.0000000000000000      0.0000000000000000
      0.0000000000000000      0.0440929532051086      0.3184647560119629
      1.0000000000000000      1.0000000000000000      1.0000000000000000
      1.0000000000000000      1.0000000000000000      1.0000000000000000
      1.0000000000000000      1.0000000000000000      1.0000000000000000
      0.1499243974685669      0.0000000000000000      0.0000000000000000
      0.0000000000000000      0.0003218650817871      0.0000000000000000
      0.3131307363510132      1.0000000000000000      1.0000000000000000
      1.0000000000000000      1.0000000000000000      1.0000000000000000
      1.0000000000000000      1.0000000000000000      1.0000000000000000
      1.0000000000000000      0.3600180149078369      1.0000000000000000
      0.4445783495903015      0.4894666671752930      1.0000000000000000
      1.0000000000000000      1.0000000000000000      1.0000000000000000
      1.0000000000000000      1.0000000000000000      1.0000000000000000
      1.0000000000000000      1.0000000000000000      1.0000000000000000
      1.0000000000000000      1.0000000000000000      1.0000000000000000
      1.0000000000000000      1.0000000000000000      1.0000000000000000
      1.0000000000000000      1.0000000000000000      1.0000000000000000
      1.0000000000000000      1.0000000000000000      1.0000000000000000
      1.0000000000000000      1.0000000000000000      1.0000000000000000
      1.0000000000000000      1.0000000000000000      1.0000000000000000
      1.0000000000000000      0.0000000000000000      0.0000000000000000
      0.0000000000000000      0.0002056360244751      1.0000000000000000
      1.0000000000000000      1.0000000000000000      1.0000000000000000
      1.0000000000000000      1.0000000000000000      1.0000000000000000
      1.0000000000000000      1.0000000000000000      0.0753185153007507
      0.0478295683860779      0.0000000000000000      0.0000000000000000
      0.0000000000000000      0.0000000000000000      0.0000000000000000
      0.0000000000000000      0.0596165657043457      0.5854957103729248
      1.0000000000000000      1.0000000000000000      1.0000000000000000
      1.0000000000000000      1.0000000000000000      1.0000000000000000
      1.0000000000000000      1.0000000000000000      1.0000000000000000
      1.0000000000000000      1.0000000000000000      1.0000000000000000
      0.6479515433311462      1.0000000000000000      1.0000000000000000
      1.0000000000000000      1.0000000000000000      1.0000000000000000
      1.0000000000000000      1.0000000000000000      1.0000000000000000
      1.0000000000000000      1.0000000000000000      1.0000000000000000
      1.0000000000000000      1.0000000000000000      1.0000000000000000
      1.0000000000000000      1.0000000000000000      1.0000000000000000
      1.0000000000000000      1.0000000000000000      1.0000000000000000
      1.0000000000000000      1.0000000000000000      1.0000000000000000
      1.0000000000000000      1.0000000000000000      1.0000000000000000
      1.0000000000000000      0.6837565302848816      0.0602986216545105
      0.0880712866783142      0.2471582889556885      1.0000000000000000
      1.0000000000000000      1.0000000000000000      1.0000000000000000
      1.0000000000000000      1.0000000000000000      1.0000000000000000
      1.0000000000000000      0.2398609519004822      0.0000000000000000
      0.0000000000000000      0.0000000000000000      0.0000000000000000
      0.0000000000000000      0.0000000000000000      0.0000000000000000
      0.0000000000000000      0.2025769352912903      0.3719432353973389
      1.0000000000000000      1.0000000000000000      1.0000000000000000
      1.0000000000000000      1.0000000000000000      0.2208071351051331
      1.0000000000000000      1.0000000000000000      1.0000000000000000
      0.1619628667831421      0.1361915469169617      1.0000000000000000
      1.0000000000000000      0.7774655818939209      1.0000000000000000
      1.0000000000000000      1.0000000000000000      1.0000000000000000
      1.0000000000000000      1.0000000000000000      1.0000000000000000
      1.0000000000000000      1.0000000000000000      1.0000000000000000
      1.0000000000000000      1.0000000000000000      1.0000000000000000
      1.0000000000000000      1.0000000000000000      1.0000000000000000
      1.0000000000000000      1.0000000000000000      1.0000000000000000
      1.0000000000000000      1.0000000000000000      1.0000000000000000
      1.0000000000000000      1.0000000000000000      1.0000000000000000
      0.4899216294288635      0.4845554232597351      1.0000000000000000
      1.0000000000000000      1.0000000000000000      1.0000000000000000
      1.0000000000000000      1.0000000000000000      1.0000000000000000
      1.0000000000000000      1.0000000000000000      1.0000000000000000
      1.0000000000000000      0.5509905815124512      0.0000000000000000
      0.0000000000000000      0.0000000000000000      0.0000000000000000
      0.0000000000000000      0.0000000000000000      0.0000000000000000
      0.0000000000000000      0.0000000000000000      0.5071857571601868
      0.0057372450828552      0.0000000000000000      0.2997635602951050
      1.0000000000000000      1.0000000000000000      0.3656829595565796
      0.0000000000000000      0.3480213284492493      1.0000000000000000
      0.1398618221282959      0.0000000000000000      0.4435412883758545
      1.0000000000000000      1.0000000000000000      1.0000000000000000
      1.0000000000000000      1.0000000000000000      1.0000000000000000
      1.0000000000000000      1.0000000000000000      1.0000000000000000
      1.0000000000000000      1.0000000000000000      1.0000000000000000
      1.0000000000000000      1.0000000000000000      1.0000000000000000
      1.0000000000000000      1.0000000000000000      1.0000000000000000
      1.0000000000000000      1.0000000000000000      1.0000000000000000
      1.0000000000000000      1.0000000000000000      1.0000000000000000
      1.0000000000000000      1.0000000000000000      0.1407850384712219
      0.4941899180412292      0.4263840913772583      1.0000000000000000
      1.0000000000000000      0.8004100322723389      1.0000000000000000
      1.0000000000000000      1.0000000000000000      1.0000000000000000
      1.0000000000000000      1.0000000000000000      1.0000000000000000
      1.0000000000000000      1.0000000000000000      0.5783047676086426
      0.0000000000000000      0.0000000000000000      0.0000000000000000
      0.0000000000000000      0.0000000000000000      0.0000000000000000
      0.0000000000000000      0.0001072287559509      0.2446184754371643
      0.1521654129028320      0.0000000000000000      0.3052741885185242
      0.3417184948921204      1.0000000000000000      0.3370506167411804
      0.0005763769149780      0.0000000000000000      0.0000000000000000
      0.0084173679351807      0.0000000000000000      0.0000000000000000
      0.0000000000000000      0.0167916417121887      0.3752770423889160
      1.0000000000000000      1.0000000000000000      1.0000000000000000
      1.0000000000000000      1.0000000000000000      1.0000000000000000
      1.0000000000000000      1.0000000000000000      1.0000000000000000
      1.0000000000000000      1.0000000000000000      1.0000000000000000
      1.0000000000000000      1.0000000000000000      1.0000000000000000
      1.0000000000000000      1.0000000000000000      1.0000000000000000
      1.0000000000000000      1.0000000000000000      1.0000000000000000
      1.0000000000000000      1.0000000000000000      0.2825816273689270
      0.0000000000000000      0.8486104011535645      1.0000000000000000
      1.0000000000000000      1.0000000000000000      1.0000000000000000
      1.0000000000000000      1.0000000000000000      1.0000000000000000
      1.0000000000000000      1.0000000000000000      1.0000000000000000
      1.0000000000000000      1.0000000000000000      1.0000000000000000
      1.0000000000000000      0.0268613696098328      0.0000000000000000
      0.0000000000000000      0.0000000000000000      0.0380428433418274
      0.3726625442504883      0.2016695737838745      0.4416285753250122
      0.3109133839607239      0.0000000000000000      0.0000359416007996
      0.1717041730880737      0.0000000000000000      0.0000000000000000
      0.0000000000000000      0.0000000000000000      0.0000000000000000
      0.0000000000000000      0.0000000000000000      0.0000000000000000
      0.0000000000000000      0.0000000000000000      0.0000359416007996
      0.0125281214714050      1.0000000000000000      1.0000000000000000
      1.0000000000000000      1.0000000000000000      1.0000000000000000
      1.0000000000000000      1.0000000000000000      1.0000000000000000
      1.0000000000000000      1.0000000000000000      1.0000000000000000
      1.0000000000000000      1.0000000000000000      1.0000000000000000
      1.0000000000000000      1.0000000000000000      1.0000000000000000
      1.0000000000000000      1.0000000000000000      1.0000000000000000
      1.0000000000000000      1.0000000000000000      0.2314713001251221
      0.0000000000000000      0.0000000000000000      0.1902082562446594
      0.3708512783050537      0.3118370175361633      1.0000000000000000
      1.0000000000000000      1.0000000000000000      1.0000000000000000
      1.0000000000000000      1.0000000000000000      1.0000000000000000
      1.0000000000000000      1.0000000000000000      1.0000000000000000
      1.0000000000000000      1.0000000000000000      1.0000000000000000
      0.0002155303955078      0.4379614591598511      0.3861716985702515
      1.0000000000000000      1.0000000000000000      1.0000000000000000
      1.0000000000000000      0.4596273303031921      0.0000000000000000
      0.0000000000000000      0.2950672507286072      0.0397553443908691
      0.0000000000000000      0.0000000000000000      0.0000000000000000
      0.0000000000000000      0.0000000000000000      0.0000000000000000
      0.0000000000000000      0.0000000000000000      0.0000000000000000
      0.0000000000000000      0.2093131542205811      1.0000000000000000
      1.0000000000000000      0.6555353403091431      0.6895480155944824
      1.0000000000000000      1.0000000000000000      1.0000000000000000
      1.0000000000000000      1.0000000000000000      1.0000000000000000
      1.0000000000000000      1.0000000000000000      1.0000000000000000
      1.0000000000000000      1.0000000000000000      1.0000000000000000
      1.0000000000000000      1.0000000000000000      1.0000000000000000
      1.0000000000000000      1.0000000000000000      0.0966981053352356
      0.0000000000000000      0.0000000000000000      0.0000000000000000
      0.0000000000000000      0.0000000000000000      0.0000000000000000
      0.1471163034439087      1.0000000000000000      1.0000000000000000
      1.0000000000000000      1.0000000000000000      1.0000000000000000
      1.0000000000000000      1.0000000000000000      1.0000000000000000
      1.0000000000000000      1.0000000000000000      1.0000000000000000
      1.0000000000000000      0.4713556766510010      0.3712078332901001
      1.0000000000000000      0.6159371137619019      1.0000000000000000
      0.1497245430946350      0.3837190866470337      1.0000000000000000
      0.4420080184936523      0.0619705915451050      0.7498718500137329
      0.0979351401329041      0.0000000000000000      0.0000000000000000
      0.0000000000000000      0.0000000000000000      0.0000000000000000
      0.0123425126075745      0.0000000000000000      0.0000000000000000
      0.0000000000000000      0.0000000000000000      0.0788566470146179
      0.1273503899574280      0.3875480890274048      1.0000000000000000
      0.6863824129104614      1.0000000000000000      1.0000000000000000
      1.0000000000000000      1.0000000000000000      1.0000000000000000
      1.0000000000000000      1.0000000000000000      1.0000000000000000
      1.0000000000000000      1.0000000000000000      1.0000000000000000
      1.0000000000000000      1.0000000000000000      1.0000000000000000
      1.0000000000000000      1.0000000000000000      0.4266294240951538
      0.0000000000000000      0.0000000000000000      0.0000000000000000
      0.0000000000000000      0.0000000000000000      0.0000323057174683
      0.0054856538772583      0.0414975881576538      0.3207736611366272
      1.0000000000000000      1.0000000000000000      1.0000000000000000
      1.0000000000000000      1.0000000000000000      1.0000000000000000
      1.0000000000000000      1.0000000000000000      1.0000000000000000
      1.0000000000000000      1.0000000000000000      0.1466453671455383
      0.0133390426635742      0.0000000000000000      0.0555198192596436
      0.0135396718978882      0.0000000000000000      0.0742717981338501
      0.2391299605369568      0.1019945144653320      0.2685025930404663
      0.7844990491867065      0.1354218125343323      0.0000000000000000
      0.0000000000000000      0.0000000000000000      0.0000000000000000
      0.0000000000000000      0.0000000000000000      0.0000000000000000
      0.0000000000000000      0.0000000000000000      0.0000000000000000
      0.0000000000000000      0.0000000000000000      0.0000000000000000
      0.0445352792739868      0.6475396156311035      1.0000000000000000
      1.0000000000000000      1.0000000000000000      1.0000000000000000
      1.0000000000000000      1.0000000000000000      1.0000000000000000
      1.0000000000000000      1.0000000000000000      1.0000000000000000
      1.0000000000000000      1.0000000000000000      1.0000000000000000
      1.0000000000000000      1.0000000000000000      1.0000000000000000
      0.4071529507637024      0.0000000000000000      0.0000000000000000
      0.0000000000000000      0.0000000000000000      0.0000000000000000
      0.0639701485633850      1.0000000000000000      0.0000000000000000
      0.0006430745124817      0.1644076108932495      1.0000000000000000
      0.6169166564941406      1.0000000000000000      1.0000000000000000
      1.0000000000000000      1.0000000000000000      1.0000000000000000
      1.0000000000000000      1.0000000000000000      1.0000000000000000
      1.0000000000000000      0.7240734100341797      1.0000000000000000
      0.1452146768569946      0.1971901059150696      0.0278782248497009
      0.0000000000000000      0.0000000000000000      0.0000000000000000
      0.0000000000000000      0.0009437203407288      0.0000000000000000
      0.0000000000000000      0.0000000000000000      0.0000000000000000
      0.0000000000000000      0.0000000000000000      0.0000000000000000
      0.0000000000000000      0.0000000000000000      0.0000000000000000
      0.0000000000000000      0.0000000000000000      0.0000000000000000
      0.0000000000000000      0.0745571851730347      1.0000000000000000
      1.0000000000000000      1.0000000000000000      0.5387356281280518
      1.0000000000000000      1.0000000000000000      1.0000000000000000
      1.0000000000000000      1.0000000000000000      1.0000000000000000
      1.0000000000000000      1.0000000000000000      1.0000000000000000
      1.0000000000000000      1.0000000000000000      1.0000000000000000
      0.4800304174423218      0.0016458034515381      0.0000000000000000
      0.0000000000000000      0.0000000000000000      0.0000000000000000
      0.0000000000000000      0.0000000000000000      0.0853623747825623
      1.0000000000000000      0.0000000000000000      0.0176277756690979
      0.0675169825553894      0.6334436535835266      1.0000000000000000
      1.0000000000000000      1.0000000000000000      1.0000000000000000
      1.0000000000000000      1.0000000000000000      1.0000000000000000
      1.0000000000000000      1.0000000000000000      1.0000000000000000
      1.0000000000000000      1.0000000000000000      0.4563906192779541
      1.0000000000000000      0.1041384339332581      0.0005677342414856
      0.0000000000000000      0.0000000000000000      0.0000000000000000
      0.0000000000000000      0.0000000000000000      0.0000000000000000
      0.0000000000000000      0.0000000000000000      0.0000000000000000
      0.0000000000000000      0.0000000000000000      0.0000000000000000
      0.0000000000000000      0.0000000000000000      0.0000000000000000
      0.0000000000000000      0.0000000000000000      0.0151271224021912
      0.4587205648422241      1.0000000000000000      1.0000000000000000
      1.0000000000000000      0.5283772349357605      1.0000000000000000
      1.0000000000000000      1.0000000000000000      1.0000000000000000
      1.0000000000000000      1.0000000000000000      1.0000000000000000
      1.0000000000000000      1.0000000000000000      1.0000000000000000
      0.2897163033485413      0.0030246973037720      0.0000000000000000
      0.0000000000000000      0.0000000000000000      0.0000000000000000
      0.0000000000000000      0.1393501162528992      1.0000000000000000
      1.0000000000000000      1.0000000000000000      0.0001073479652405
      0.3147180676460266      1.0000000000000000      1.0000000000000000
      1.0000000000000000      1.0000000000000000      1.0000000000000000
      1.0000000000000000      1.0000000000000000      1.0000000000000000
      1.0000000000000000      1.0000000000000000      1.0000000000000000
      1.0000000000000000      1.0000000000000000      0.2913729548454285
      0.1443045735359192      0.3458616137504578      0.0011463165283203
      0.1391057968139648      0.2032255530357361      0.0156685113906860
      0.0000000000000000      0.0000000000000000      0.0000000000000000
      0.0027791261672974      0.0160833001136780      0.0000000000000000
      0.0000000000000000      0.0000000000000000      0.0000000000000000
      0.0000000000000000      0.0000000000000000      0.0000000000000000
      0.0000000000000000      0.0000000000000000      0.0000000000000000
      0.0000000000000000      0.0000000000000000      0.0000000000000000
      0.0000000000000000      0.0787565708160400      0.0700169801712036
      0.0000312328338623      0.1360213756561279      1.0000000000000000
      1.0000000000000000      1.0000000000000000      0.2852563261985779
      0.0004548430442810      0.0066190361976624      0.0000891685485840
      0.0000000000000000      0.0000000000000000      0.0000000000000000
      0.0000000000000000      0.0000000000000000      0.0000000000000000
      0.0000000000000000      0.0000000000000000      0.0265538692474365
      0.4669868350028992      1.0000000000000000      1.0000000000000000
      1.0000000000000000      0.3653091788291931      1.0000000000000000
      1.0000000000000000      0.3736076951026917      0.0078076124191284
      1.0000000000000000      1.0000000000000000      1.0000000000000000
      1.0000000000000000      0.5942840576171875      1.0000000000000000
      1.0000000000000000      1.0000000000000000      1.0000000000000000
      1.0000000000000000      1.0000000000000000      0.3062366247177124
      0.2547282576560974      1.0000000000000000      1.0000000000000000
      1.0000000000000000      1.0000000000000000      1.0000000000000000
      1.0000000000000000      0.3077043890953064      0.2754196524620056
      0.0695874094963074      0.0437535047531128      0.0000000000000000
      0.0000000000000000      0.0000000000000000      0.0000000000000000
      0.0000000000000000      0.0000000000000000      0.0000000000000000
      0.1075375676155090      0.1024059653282166      0.0376427173614502
      0.0099362730979919      0.1599636673927307      0.2218483686447144
      1.0000000000000000      1.0000000000000000      1.0000000000000000
      1.0000000000000000      1.0000000000000000      1.0000000000000000
      1.0000000000000000      0.2175428271293640      0.2722796797752380
      1.0000000000000000      1.0000000000000000      1.0000000000000000
      1.0000000000000000      0.3474736213684082      0.3415564894676208
      0.1847428679466248      0.1618816852569580      1.0000000000000000
      0.3102000951766968      0.4225184917449951      0.1951816678047180
      0.5234776139259338      0.2687284350395203      1.0000000000000000
      1.0000000000000000      1.0000000000000000      0.1621458530426025
      0.0000000000000000      0.0000000000000000      0.1129999160766602
      0.3800333738327026      1.0000000000000000      1.0000000000000000
      1.0000000000000000      1.0000000000000000      1.0000000000000000
      1.0000000000000000      1.0000000000000000      1.0000000000000000
      1.0000000000000000      1.0000000000000000      1.0000000000000000
      1.0000000000000000      1.0000000000000000      1.0000000000000000
      1.0000000000000000      1.0000000000000000      1.0000000000000000
      1.0000000000000000      1.0000000000000000      1.0000000000000000
      0.3924985527992249      0.2799038290977478      0.1330298781394958
      0.1629228591918945      0.4575086236000061      1.0000000000000000
      1.0000000000000000      1.0000000000000000      1.0000000000000000
      1.0000000000000000      1.0000000000000000      1.0000000000000000
      1.0000000000000000      1.0000000000000000      1.0000000000000000
      1.0000000000000000      1.0000000000000000      1.0000000000000000
      1.0000000000000000      1.0000000000000000      1.0000000000000000
      1.0000000000000000      1.0000000000000000      1.0000000000000000
      1.0000000000000000      1.0000000000000000      1.0000000000000000
      1.0000000000000000      1.0000000000000000      1.0000000000000000
      1.0000000000000000      1.0000000000000000      0.4905694127082825
      0.3409130573272705      0.6070727109909058      1.0000000000000000
      1.0000000000000000      1.0000000000000000      0.2731147408485413
      0.0000000000000000      0.0000000000000000      0.0000000000000000
      0.0000000000000000      0.0119053721427917      0.2294893860816956
      1.0000000000000000      1.0000000000000000      1.0000000000000000
      1.0000000000000000      1.0000000000000000      1.0000000000000000
      1.0000000000000000      1.0000000000000000      1.0000000000000000
      1.0000000000000000      1.0000000000000000      1.0000000000000000
      1.0000000000000000      1.0000000000000000      1.0000000000000000
      1.0000000000000000      1.0000000000000000      1.0000000000000000
      1.0000000000000000      1.0000000000000000      1.0000000000000000
      1.0000000000000000      1.0000000000000000      1.0000000000000000
      1.0000000000000000      1.0000000000000000      1.0000000000000000
      1.0000000000000000      1.0000000000000000      1.0000000000000000
      1.0000000000000000      1.0000000000000000      1.0000000000000000
      1.0000000000000000      1.0000000000000000      1.0000000000000000
      1.0000000000000000      1.0000000000000000      1.0000000000000000
      1.0000000000000000      1.0000000000000000      1.0000000000000000
      1.0000000000000000      1.0000000000000000      1.0000000000000000
      1.0000000000000000      1.0000000000000000      1.0000000000000000
      1.0000000000000000      1.0000000000000000      1.0000000000000000
      0.4616273641586304      0.3161814808845520      0.1142247915267944
      0.2904601693153381      0.3294078707695007      0.2339730262756348
      0.1806396842002869      0.1664348840713501      0.0532090067863464
      0.0066934823989868      0.0113320946693420      0.0334495902061462
      0.1925212144851685      1.0000000000000000      1.0000000000000000
      1.0000000000000000      1.0000000000000000      1.0000000000000000
      1.0000000000000000      1.0000000000000000      1.0000000000000000
      1.0000000000000000      1.0000000000000000      1.0000000000000000
      1.0000000000000000      1.0000000000000000      1.0000000000000000
      1.0000000000000000      1.0000000000000000      1.0000000000000000
      1.0000000000000000      1.0000000000000000      1.0000000000000000
      1.0000000000000000      1.0000000000000000      1.0000000000000000
      1.0000000000000000      1.0000000000000000      1.0000000000000000
      1.0000000000000000      1.0000000000000000      1.0000000000000000
      1.0000000000000000      1.0000000000000000      1.0000000000000000
      1.0000000000000000      1.0000000000000000      1.0000000000000000
      1.0000000000000000      1.0000000000000000      1.0000000000000000
      1.0000000000000000      1.0000000000000000      1.0000000000000000
      1.0000000000000000      1.0000000000000000      1.0000000000000000
      1.0000000000000000      1.0000000000000000      1.0000000000000000
      1.0000000000000000      1.0000000000000000      1.0000000000000000
      1.0000000000000000      1.0000000000000000      1.0000000000000000
      1.0000000000000000      1.0000000000000000      1.0000000000000000
      1.0000000000000000      1.0000000000000000      1.0000000000000000
      1.0000000000000000      1.0000000000000000      1.0000000000000000
      1.0000000000000000      1.0000000000000000      1.0000000000000000
      1.0000000000000000      1.0000000000000000
