12345678901234567890123456789012345678901234567890123456789012345
00000000000000000000000000000000000000000000000000000000000000000
00000000000000000000000000000000000000000000000011111111111110000
00000000000000001111100000000000000000000000000011100011111110000
00001100000011111111111111111000000011000011110111110001111100000
00111111111111111111111111111111000111111111111110001001100001000
00010111111111111111111111000100000000001111111100011000000000000
10111111111111111111111110001000000000000111111111011110000000000
11111111111111111111111111000000000000000011111110111010000000000
10101101111111111111111101000000000000000011111111110000000000011
11000011111111111111110011000000000000000001111111100000000000011
11111111111111111111110000000000000000000000111111000000000000011
11111111111011111111110000000000000000000000011100000000000000111
11111111111001110111000000000000000000000000001110010000000001111
11111111100000100011001000000000000000000000000011000000000001111
11111111110000000000001000000000000000000000000000111100000000111
00111111100000000010110000000000000000000000000000011110000000000
00111111000000000010110001000000000000000000000000111111100000000
00011111000000000000000000100000000000000000000000111111110000000
00011111000000000000000110000000000000000000000000011111110000000
00011110010000000000001111100000000000000000000000001111110000000
00011110100000000000011111110000000000000000000000001111000000000
00011100000000000000011111110000000000000000000000011111000000000
00000000000000000000000001100000000000000000000000011110000000000
00000000000000000000000000000001000000000000000000011000000000000
00000000000000000000000000000000000000000000000000011000000000000
00000000000000000000000000000000000000000000000000000000000000000
00000000000000000000000000000000000000000000000000000000000000000
00000000000000000000000000000000000000000000000000000000000000000
00000011111111111111111111111000000000000000000000001100000000000
11111111111111111111111111111100000000001111111111111100000011111
11111111111111111111111111111111111111111111111111111111111111111
11111111111111111111111111111111111111111111111111111111111111111
  31 1111111111111111111111111111111111111111111111111111111111111111
  30 1111111111111111111111111111111111111111111111110000000000000111
  29 1111111111111111000001111111111111111111111111110001110000000111
  28 1111001111110000000000000000011111110011110000100000111000001111
  27 1100000000000000000000000000000011100000000000000111011001111011
  26 1110100000000000000000000011101111111111000000001110011111111111
  25 0100000000000000000000000111011111111111100000000010000111111111
  24 0000000000000000000000000011111111111111110000000100010111111111
  23 0101001000000000000000001011111111111111110000000000111111111110
  22 0011110000000000000000110011111111111111111000000001111111111110
  21 0000000000000000000000111111111111111111111100000011111111111110
  20 0000000000010000000000111111111111111111111110001111111111111100
  19 0000000000011000100011111111111111111111111111000110111111111000
  18 0000000001111101110011011111111111111111111111110011111111111000
  17 0000000000111111111111011111111111111111111111111100001111111100
  16 1100000001111111110100111111111111111111111111111110000111111111
  15 1100000011111111110100111011111111111111111111111100000001111111
  14 1110000011111111111111111101111111111111111111111100000000111111
  13 1110000011111111111111100111111111111111111111111110000000111111
  12 1110000110111111111111000001111111111111111111111111000000111111
  11 1110000101111111111110000000111111111111111111111111000011111111
  10 1110001111111111111110000000111111111111111111111110000011111111
   9 1111111111111111111111111001111111111111111111111110000111111111
   8 1111111111111111111111111111111011111111111111111110011111111111
   7 1111111111111111111111111111111111111111111111111110011111111111
   6 1111111111111111111111111111111111111111111111111111111111111111
   5 1111111111111111111111111111111111111111111111111111111111111111
   4 1111111111111111111111111111111111111111111111111111111111111111
   3 1111110000000000000000000000011111111111111111111111001111111111
   2 0000000000000000000000000000001111111111000000000000001111110000
   1 0000000000000000000000000000000000000000000000000000000000000000
   0 0000000000000000000000000000000000000000000000000000000000000000
