 0.56 0.79
 0.51 0.72
 0.38 0.61
 0.42 0.60
 0.38 0.48
 0.37 0.43
 0.34 0.34
 0.31 0.31
 0.26 0.27
 0.22 0.25
 0.19 0.20
 0.18 0.18
 0.18 0.17
 0.19 0.18
 0.19 0.17
 0.19 0.19
 0.19 0.19
 0.19 0.20
 0.18 0.19
 0.18 0.18
 0.21 0.17
 0.24 0.17
 0.26 0.20
 0.28 0.24
 0.31 0.28
 0.31 0.31
 0.35 0.32
 0.42 0.34
 0.53 0.34
 0.64 0.34
 0.74 0.47
 0.80 0.59
 0.16
 0.16
 0.16
 0.16
 0.16
 0.16
 0.16
 0.15
 0.15
 0.16
 0.16
 0.18
 0.13
 0.13
 0.08
 0.08
 0.08
 0.08
 0.13
 0.13
 0.18
 0.16
 0.16
 0.15
 0.15
 0.16
 0.16
 0.16
 0.16
 0.16
 0.16
 0.16
 0.85
 0.85
 0.80
 0.75
 0.56
 0.52
 0.49
 0.45
 0.41
 0.40
 0.40
 0.40
 0.40
 0.40
 0.40
 0.40
 0.40
 0.40
 0.40
 0.40
 0.40
 0.40
 0.40
 0.41
 0.45
 0.49
 0.52
 0.56
 0.75
 0.80
 0.85
 0.85
 0.10 0.18
 0.10 0.18
 0.10 0.18
 0.10 0.18
 0.09 0.17
 0.09 0.16
 0.08 0.15
 0.08 0.13
 0.07 0.12
 0.07 0.10
 0.06 0.08
 0.06 0.07
 0.06 0.07
 0.06 0.06
 0.06 0.06
 0.06 0.06
 0.06 0.06
 0.06 0.06
 0.06 0.06
 0.06 0.06
 0.07 0.06
 0.07 0.06
 0.08 0.07
 0.10 0.07
 0.12 0.08
 0.13 0.08
 0.15 0.09
 0.16 0.09
 0.17 0.10
 0.18 0.10
 0.18 0.10
 0.18 0.10
 0.62 0.52
 0.56 0.48
 0.50 0.44
 0.44 0.40
 0.35 0.35
 0.35 0.35
 0.35 0.35
 0.35 0.35
 0.35 0.35
 0.35 0.35
 0.35 0.35
 0.35 0.35
 0.35 0.35
 0.35 0.35
 0.35 0.35
 0.35 0.35
 0.35 0.35
 0.35 0.35
 0.35 0.35
 0.35 0.35
 0.35 0.35
 0.35 0.35
 0.35 0.35
 0.35 0.35
 0.35 0.35
 0.35 0.35
 0.35 0.35
 0.35 0.35
 0.40 0.44
 0.44 0.50
 0.48 0.56
 0.52 0.62
