   0.0000000000000000E+00  -8.494000000474243      -134.2600000074961    
   -273.3150000152598      -428.1250000239032      -525.3950000293340    
   -489.5010000273301      -339.4860000189543      -210.8430000117718    
   -53.97800000301373      0.0000000000000000E+00  0.0000000000000000E+00
   -56.17000000313609      -167.4140000093468      -327.1560000182660    
   -465.8000000260071      -537.1770000299908      -559.5080000312395    
   -550.7400000307482      -509.6400000284532      -400.7250000223733    
   -246.3260000137535      -101.7910000056829      -36.44200000203458    
   -256.4640000143172      -366.4750000204613      -508.2700000283796    
   -628.1450000350716      -698.2890000389872      -721.9900000403055    
   -714.0440000398660      -668.1490000373051      -571.9750000319334    
   -437.3040000244161      -304.9620000170276      -231.6670000129349    
   -456.6210000254952      -551.2880000307803      -667.3270000372593    
   -757.6100000422952      -805.0120000449474      -819.3970000457485    
   -814.7390000454931      -785.2840000438422      -716.3730000399977    
   -610.1980000340720      -498.8170000278506      -434.8380000242771    
   -630.8850000352252      -704.7280000393442      -787.4760000439637    
   -840.6320000469367      -858.1680000479113      -858.5790000479391    
   -859.1270000479684      -852.6880000476076      -818.3010000456878    
   -748.1570000417693      -664.3130000370916      -613.3490000342462    
   -801.9980000447805      -836.7960000467194      -860.0860000480214    
   -850.2220000474646      -818.0270000456734      -795.1480000443963    
   -804.3270000449089      -835.9740000466697      -859.5380000479914    
   -852.0030000475695      -818.8490000457183      -792.4080000442433    
   -859.5380000479919      -852.5510000476008      -814.7390000454910    
   -742.4030000414525      -663.0800000370202      -618.5550000345354    
   -635.5430000354844      -703.0840000392544      -782.6810000436994    
   -838.4400000468115      -858.5790000479368      -858.9900000479576    
   -830.9050000463919      -803.0940000448396      -735.0050000410374    
   -633.3510000353607      -532.5190000297317      -478.6780000267253    
   -499.0910000278653      -582.3870000325162      -688.1510000384200    
   -774.4610000432392      -820.9040000458327      -834.7410000466051    
   -744.5950000415726      -695.9600000388572      -597.0460000333346    
   -465.3890000259838      -343.8700000191992      -280.9870000156882    
   -304.6880000170114      -403.1910000225111      -534.7110000298543    
   -652.3940000364248      -725.8260000405247      -752.5410000420162    
   -481.6920000268942      -436.0710000243467      -318.6620000177916    
   -156.7280000087505      -26.30400000146861     -0.5480000000305961    
   -4.384000000244770      -84.11800000469647      -240.9830000134546    
   -387.9840000216624      -460.1830000256933      -503.8860000281333    
   -487.8570000272381      -324.6900000181284      -173.9900000097143    
   -30.27700000169042      0.0000000000000000E+00  0.0000000000000000E+00
   0.0000000000000000E+00  -3.973000000221824      -96.72200000540022    
   -245.3670000136994      -413.0550000230618      -524.8470000293032    
   0.0000000000000000E+00  -7.809000000435989      -115.9020000064711    
   -265.0950000148009      -429.4950000239799      -526.9020000294176    
   -491.0080000274137      -340.0340000189851      -192.0740000107242    
   -45.21000000252417      0.0000000000000000E+00  0.0000000000000000E+00
   -38.22300000213403      -131.3830000073356      -293.0430000163621    
   -432.7830000241625      -501.8310000280173      -544.1640000303829    
   -526.0800000293722      -472.6500000263895      -367.7080000205306    
   -211.1170000117871      -71.78800000400790      -25.61900000143032    
   -255.9160000142880      -365.9270000204290      -507.8590000283558    
   -627.7340000350475      -697.7410000389535      -721.4420000402800    
   -713.6330000398424      -667.7380000372823      -571.5640000319104    
   -436.8930000243936      -304.4140000169953      -231.1190000129041    
   -464.5670000259394      -558.4120000311823      -673.2180000375839    
   -762.2680000425613      -808.5740000451443      -822.5480000459258    
   -818.0270000456730      -789.3940000440684      -721.7160000402985    
   -616.7740000344368      -506.3520000282743      -442.9210000247280    
   -639.7900000357183      -712.2630000397676      -792.8190000442598    
   -843.7830000471090      -859.4010000479792      -858.9900000479583    
   -859.6750000479942      -854.7430000477217      -822.5480000459208    
   -754.7330000421399      -672.6700000375592      -622.5280000347582    
   -803.9160000448754      -838.0290000467998      -860.3600000480475    
   -849.4000000474229      -816.3830000455825      -793.0930000442801    
   -802.2720000448037      -834.7410000465979      -859.2640000479824    
   -852.8250000476032      -820.4930000458046      -794.6000000443737    
   -859.2640000479759      -852.0030000475682      -813.6430000454199    
   -741.0330000413762      -661.2990000369203      -616.6370000344292    
   -633.7620000353758      -701.4400000391638      -781.4480000436255    
   -837.7550000467767      -858.1680000479134      -858.7160000479506    
   -815.2870000455215      -782.2700000436693      -706.6460000394552    
   -597.5940000333632      -491.8300000274611      -435.6600000243249    
   -456.8950000255069      -544.0270000303661      -655.9560000366225    
   -749.9380000418727      -803.0940000448350      -820.2190000457962    
   -712.6740000397953      -661.1620000369107      -556.4940000310697    
   -419.0830000233983      -293.5910000163934      -229.3380000128062    
   -253.4500000141486      -354.6930000198008      -491.2820000274285    
   -614.9930000343345      -692.9460000386867      -721.0310000402534    
   -554.9870000309862      -505.5300000282243      -386.6140000215847    
   -230.0230000128426      -95.07800000530841      -38.63400000215725    
   -58.22500000325081      -158.9200000088727      -311.5380000173935    
   -454.2920000253645      -536.9030000299798      -563.7550000314768    
   -482.7880000269552      -340.4450000190079      -225.5020000125903    
   -60.00600000335028      0.0000000000000000E+00  0.0000000000000000E+00
   0.0000000000000000E+00  -11.09700000061957      -145.6310000081309    
   -289.7550000161777      -408.6710000228172      -519.3670000289974    
   -1.507000000084140      -55.75900000311317      -214.5420000119784    
   -354.0080000197652      -439.2220000245227      -513.0650000286457    
   -481.6920000268940      -394.5600000220292      -291.3990000162694    
   -129.7390000072436      -14.52200000081080      0.0000000000000000E+00
   -411.2740000229625      -510.4620000285003      -633.4880000353692    
   -731.9910000408688      -785.9690000438826      -803.5050000448616    
   -797.6140000445328      -763.2270000426131      -686.6440000383369    
   -572.6600000319730      -455.3880000254255      -388.6690000217002    
   -500.4610000279415      -590.7440000329832      -699.5220000390558    
   -781.8590000436525      -822.8220000459399      -834.3300000465821    
   -830.6310000463758      -806.2450000450149      -744.7320000415801    
   -646.3660000360885      -540.7390000301906      -479.5000000267719    
   -861.7300000481126      -859.5380000479900      -828.5760000462615    
   -763.2270000426129      -688.9730000384671      -646.6400000361033    
   -662.8060000370064      -726.6480000405707      -800.0800000446704    
   -848.8520000473937      -862.8260000481737      -860.0860000480209    
   -483.6100000270014      -350.4460000195662      -211.2540000117948    
   -62.47200000348798      -2.603000000145333      0.0000000000000000E+00
  -0.1370000000076491      -20.13900000112439      -134.1230000074885    
   -283.8640000158488      -418.2610000233526      -519.5040000290051    
   0.0000000000000000E+00  -5.622513882198785      -114.9822607625637    
   -250.9559973571729      -405.5095495822151      -502.9644082269037    
   -466.4437680627049      -316.7337625454915      -189.4875664969182    
   -40.76485594070098      0.0000000000000000E+00  0.0000000000000000E+00
   -42.75565252058470      -147.0236287690711      -304.1994934097166    
   -441.9712089985329      -513.0987930174958      -534.9581367560872    
   -526.1169537378167      -484.9425120567550      -376.4091943604312    
   -223.0368726557110      -83.48423673440300      -26.03681231006222    
   -233.5898366613904      -342.6546541589155      -482.9548620633270    
   -600.8721315393378      -670.5944349396258      -692.7515979240648    
   -683.8419950538924      -638.4898503443513      -544.3015203008979    
   -412.1708717855414      -280.8057313348797      -209.1675269814434    
   -429.9712814828305      -524.4256761010927      -635.8392423861154    
   -725.1350302965461      -765.5096149174007      -775.1118972305878    
   -772.4598732403196      -742.2097809710647      -684.0646304079115    
   -576.3370122652599      -471.3427003157520      -407.5760765523684    
   -601.8511564010328      -675.0988883737904      -753.8805287392543    
   -801.2604608808551      -825.2520940990559      -825.7623086643188    
   -828.3803690518108      -821.3819389465273      -789.1506362356321    
   -715.2396893074466      -632.3014411582195      -582.1635971283604    
   -766.4071793217719      -797.9200636091794      -821.5279204329862    
   -803.5058596013175      -781.7696050924593      -756.1839238734669    
   -771.5129888387262      -804.6394988861543      -827.6621478117777    
   -815.3862998376378      -783.4202693870214      -752.4553930359467    
   -808.8857753646107      -804.3085754617705      -775.3996601824310    
   -695.1331008510305      -617.3904170726821      -584.0550063067343    
   -602.4746189896925      -671.1526383934354      -742.5497272209284    
   -784.8867577887017      -820.3713137990425      -809.0398090563607    
   -779.6592662336703      -741.4657901025051      -678.6704538995639    
   -591.6301735210275      -500.9497923197924      -432.0707792227245    
   -468.9323021874012      -549.9078982404862      -630.4409429337055    
   -720.0079907124851      -747.2600849849022      -767.7967875877815    
   -717.9783461605909      -640.8760789006470      -569.9047860823423    
   -434.1029737973537      -319.1661306474494      -256.9323927978001    
   -281.0013909650775      -378.5055612965636      -508.6750585856099    
   -626.1604138620676      -699.8922583615396      -726.1756520289850    
   -458.4963592834866      -412.5225116646798      -295.2879262582332    
   -136.2236038415222      -18.11059257441694     -0.3584545175239939    
   -2.892680253906147      -68.28296891313727      -220.1850693535651    
   -365.0761418146404      -437.0528609670400      -480.7886707930846    
   -465.6475884781538      -302.2819269002979      -153.6435556706153    
   -21.23732443801214      0.0000000000000000E+00  0.0000000000000000E+00
   0.0000000000000000E+00  -2.645295008308119      -80.50447606161339    
   -224.3990898284598      -390.8368827381674      -502.7400390404111    
   0.0000000000000000E+00  -5.196396453338430      -97.77785277373884    
   -243.1337895597260      -407.1496544992135      -504.5381322831906    
   -468.1130080892128      -317.6588013734892      -171.5633663173892    
   -33.46276432445251      0.0000000000000000E+00  0.0000000000000000E+00
   -27.71426402311840      -112.6144443844074      -270.4458911433778    
   -408.8136984318269      -478.0327578968665      -520.1833458116909    
   -501.8564737232973      -448.4166387065002      -343.7760187662440    
   -189.3294277420307      -56.44870566394250      -17.71070921848784    
   -233.2457097437376      -341.8840812855679      -482.3290341173380    
   -601.6094156116906      -671.7011812911711      -695.7372855818885    
   -686.2384507890519      -641.5237130711714      -545.6963984715235    
   -412.1499664054538      -281.0144607151183      -208.9103056830278    
   -438.8066807339918      -532.0942980840719      -644.9493342825650    
   -733.7285454883465      -778.5236497561947      -792.7061029015345    
   -784.7701754270325      -758.1614810789299      -692.5049602357032    
   -589.1872302739042      -480.1596596184285      -417.4454746209398    
   -608.9896044050842      -682.4080774738223      -761.2959257782109    
   -797.7618127336450      -824.9732086752108      -826.7193374153917    
   -827.1930859892515      -822.7929543646798      -791.4481976704029    
   -724.4380366763349      -640.4874011970214      -592.5507224637885    
   -772.4467734134739      -799.4198200695627      -827.7958779995864    
   -810.4676810226217      -782.1988195581188      -759.1705081316353    
   -770.1525315894095      -803.5208198506600      -828.2849030835124    
   -821.3743334123012      -789.6736807989107      -759.7828527028837    
   -826.2482535167387      -815.7874294810814      -778.9453380074893    
   -701.7693335195938      -628.8777700038108      -585.5218139230362    
   -602.7037144176466      -670.7938033805946      -750.7327062407487    
   -805.8520223819818      -825.6170308600670      -826.9998492782216    
   -783.7184924665853      -752.3419486718586      -677.1568937335333    
   -568.8287912339235      -464.6887182506230      -407.6033074431972    
   -430.3037348588525      -516.6555740274077      -627.5340258660264    
   -721.0710623284405      -772.7402226954703      -790.6502724559334    
   -685.5984481453736      -633.8127851027256      -529.4444022934218    
   -392.9763543322221      -269.4970021905602      -206.5158438814463    
   -230.5318843895389      -330.2940858175045      -465.3536228339627    
   -587.9682287513858      -666.1225599555962      -694.4334103218962    
   -530.3336594132221      -480.2054810268066      -361.4928189164637    
   -207.1088706384247      -77.88613095636131      -27.97462970117190    
   -44.79462815562812      -139.3715302237986      -289.4644502254008    
   -430.1867026901847      -512.6740603060429      -539.2282038213683    
   -459.3561831667316      -317.0758559743809      -203.7110269113624    
   -46.25530997750471      0.0000000000000000E+00  0.0000000000000000E+00
   0.0000000000000000E+00  -7.526456341436862      -124.6111217352840    
   -267.8076890540626      -385.8179586703227      -496.1283359822712    
  -0.9637664633962602      -41.62195521111079      -191.6014218947817    
   -329.2867332583920      -414.8215427071928      -489.1137456896169    
   -457.6097456348122      -370.0429003570864      -267.2584767212037    
   -109.3592912878191      -9.422741252971564      0.0000000000000000E+00
   -385.1510589546282      -483.4993025096237      -599.0663808361522    
   -698.9629356006150      -739.6583934272436      -751.6533000925425    
   -768.5830864287850      -733.7430790625751      -658.2739428978573    
   -537.5674371056770      -423.2471883999219      -360.6634988384852    
   -471.3939199416295      -562.2490522577785      -670.8192101082394    
   -753.1658076609243      -790.8582048051476      -801.2264999092926    
   -798.7050512974334      -774.9576759539278      -712.3803446490089    
   -614.7078002052183      -509.9223938457187      -450.3433892209480    
   -821.6181751351312      -810.2414633988583      -791.1430515904723    
   -705.5924583767164      -620.7785392623570      -612.7876381581164    
   -616.2457290450326      -692.8206175451907      -767.5215367718396    
   -810.3592107858319      -820.7953104692011      -820.1561523932604    
   -459.4914658862659      -325.6173196203110      -188.0240061309186    
   -37.54896252956039      -1.290784912302148      0.0000000000000000E+00
  -8.6580989444845158E-02  -12.84602078734550      -111.6092689689339    
   -260.3118095623990      -394.0910116881108      -495.6109899736149    
   0.0000000000000000E+00  -3.332611077931187      -90.61718045204105    
   -216.1841643150121      -368.5851945486256      -460.6497705905861    
   -408.6978933870797      -270.5098525804448      -158.8515715826792    
   -28.37067829597357      0.0000000000000000E+00  0.0000000000000000E+00
   -29.12265599334096      -110.7740218553612      -252.1581958215951    
   -385.1976928649503      -444.8036105404865      -435.2657716728428    
   -400.0635289082993      -388.0143595244538      -313.1318807003308    
   -179.4389993270207      -61.98756317547087      -16.80474516225506    
   -177.5941672035661      -270.2820165196960      -400.6261517664019    
   -494.2078274666864      -520.3617103791379      -513.9322110930032    
   -499.9933509237383      -473.6245733548787      -417.2825314974271    
   -306.4982708808036      -205.6541332909388      -157.9633096056500    
   -322.7578646364589      -401.0724092792673      -484.4176779199149    
   -547.9952120362957      -564.9206589915982      -595.6720847839763    
   -584.3510855796300      -561.0013319790410      -514.8513182073203    
   -428.1429382802300      -333.9503827059629      -300.4044771423845    
   -499.7491751325470      -549.2913852435660      -631.4313376745311    
   -665.3479535567633      -642.0606411453865      -628.5881687957882    
   -611.7955669126005      -617.9815701346588      -592.6699192330834    
   -562.7133031886340      -515.2371505097371      -486.4687521132172    
   -546.4343638163725      -544.0733467828989      -569.1792081064470    
   -553.2674610429176      -554.1524292885733      -564.4184385901210    
   -566.7186112439816      -586.8856782951420      -577.7849595131471    
   -559.0844990248764      -539.6492180091374      -513.2941008964488    
   -566.1616310337064      -581.0107610707034      -570.1579205523533    
   -531.8495634790604      -479.4003904471048      -466.7418073098899    
   -491.2679700050555      -524.4579128568579      -586.3932857925325    
   -611.6585764709670      -598.2264588610931      -568.5236164187637    
   -584.6642813222292      -558.8934128109332      -518.9356838388486    
   -437.7447115722840      -346.9214438547324      -338.2709971013301    
   -363.9981540429487      -438.0915701294547      -495.9206182884498    
   -558.2620613804711      -596.5432479235059      -581.3659603288800    
   -539.8088702988841      -513.7949718069653      -396.3821359901559    
   -324.5423536302731      -196.8362338479055      -178.5113660681273    
   -181.5471950427106      -295.1171612956887      -393.2343324359969    
   -461.3975869915740      -466.3914492991853      -553.8355242721791    
   -408.1712000390407      -361.5718513622011      -250.9286421180090    
   -104.1432211971116      -11.03128410542944     -0.2034445964154497    
   -1.598865788311167      -46.22348808559702      -172.2866216184834    
   -319.2917063773715      -385.9774031668640      -426.5293855693942    
   -429.5164572321127      -269.3836356710926      -126.3617974174988    
   -12.51265129848153      0.0000000000000000E+00  0.0000000000000000E+00
   0.0000000000000000E+00  -1.336107879478035      -51.74099743392434    
   -187.8498517364630      -348.7618791582258      -468.4293458518254    
   0.0000000000000000E+00  -3.382311962916816      -78.79493623723667    
   -213.4581449505862      -373.0256581179958      -463.5892486462412    
   -418.9785759116656      -274.9182966974897      -143.9430403835264    
   -23.99311133580616      0.0000000000000000E+00  0.0000000000000000E+00
   -18.55150448728811      -86.60653644255802      -225.7384102762443    
   -357.1831441338295      -427.6275182620104      -460.1566203583866    
   -421.6816692233771      -379.7111878618273      -292.1306123819305    
   -153.2667274878112      -40.86117817128519      -11.28987206533338    
   -175.6164628464644      -271.6677043118135      -402.2545055937793    
   -511.7388117432877      -578.2264302973845      -590.6455142764202    
   -570.5962946395000      -518.2381580236504      -434.1105699028382    
   -314.2041814185140      -214.6780864821837      -158.1426165492115    
   -333.1817879027818      -420.8933209821307      -510.2441379422638    
   -577.8848265845162      -605.7601106279116      -632.3577435563055    
   -641.5587042229522      -603.2863000077755      -527.9107000994821    
   -446.1246100033339      -359.1714973392699      -315.3803801092304    
   -506.5928600605360      -561.7470086487255      -641.8716650067349    
   -676.0464455005939      -667.5252061844625      -664.5088633882955    
   -642.5461291306580      -616.6668844384501      -591.7227554023972    
   -550.2638740759530      -496.1000126519390      -465.7473117124998    
   -557.9881108650511      -595.0811563646912      -583.2680679247081    
   -579.9720589928644      -558.3614540899737      -559.9417379508242    
   -573.7864996371568      -604.2687844152076      -613.7925535651622    
   -603.2744770487213      -570.7070985256112      -556.0793330814475    
   -670.7163396173968      -624.1965975808694      -613.1052339888298    
   -565.6968466767354      -518.5513085424127      -499.0541264314159    
   -514.7107439218269      -588.9939582692119      -657.8038930062767    
   -683.0589591958740      -689.7220555483403      -667.5514143596761    
   -633.9852907450764      -610.0173753705969      -539.7157209571850    
   -433.9055000435652      -348.0785774117237      -310.5288067708313    
   -329.2835854624290      -420.2729828441270      -513.2330403889489    
   -586.5071998533127      -631.4967301016140      -636.3785151951507    
   -581.4887146388919      -534.1460130002796      -430.7805525188103    
   -318.2292616341707      -210.9928951312685      -159.1378714341879    
   -178.8379705589651      -268.3353000322679      -394.8328961958256    
   -504.9038418643074      -572.2574973110187      -594.8959301812130    
   -474.0796614455091      -423.2028117093756      -311.1231742847549    
   -171.4690939790330      -59.04760282298209      -18.75367217040343    
   -31.20848813305616      -108.1542657307839      -241.1578598775097    
   -375.5585706465957      -451.0440476047208      -480.9020782168064    
   -423.4299454685085      -283.6612099995687      -174.4376943000205    
   -33.98167717334061      0.0000000000000000E+00  0.0000000000000000E+00
   0.0000000000000000E+00  -4.880803993064715      -98.56214468880361    
   -236.0418450032021      -350.5063048950993      -461.0580353500124    
  -0.3170345093338233      -18.01527829177288      -122.1379439729205    
   -273.2318462176831      -355.6049377489863      -418.2569931343887    
   -398.6960294314151      -299.2768448928715      -213.1886287204156    
   -64.53916842432584      -3.853136807457158      0.0000000000000000E+00
   -263.5594977872018      -353.6498105340860      -440.3963817524381    
   -501.4637007938670      -526.3236199396515      -569.7984753153664    
   -515.9996124108931      -489.5483268966756      -450.4757560250217    
   -361.3703717002157      -277.8681353844919      -253.1093435649222    
   -328.1474068401839      -383.9425559714779      -473.5613471577520    
   -503.5469126349565      -545.2966455833043      -542.5609802120512    
   -492.4892451052076      -517.4082154976314      -496.2538511566727    
   -450.4143140177346      -376.7119209742828      -310.9798592815295    
   -548.8859195765081      -559.6990238302997      -552.9343655827887    
   -542.0795979670730      -499.0507679248578      -457.8716409897859    
   -516.0202978396898      -535.7859292742024      -575.5404887741963    
   -568.8271973676450      -550.1992678373474      -526.6625609768298    
   -417.8560823817850      -280.9043416105319      -124.4885219456889    
   -15.53842747953485     -0.4880977985604974      0.0000000000000000E+00
  -2.4632117605146223E-02  -4.393179099436344      -49.44970533767020    
   -189.9017293925030      -321.4241529584126      -449.5048900181772    
   0.0000000000000000E+00 -0.7739839829721512      -26.66680635363110    
   -63.81543162595779      -78.48113165131066      -81.27146788209507    
   -98.63483005182496      -44.19821585594986      -39.92264482483090    
   -6.822725070179931      0.0000000000000000E+00  0.0000000000000000E+00
   -8.253874350093271      -39.74562983262252      -86.25989008437205    
   -135.3200687593447      -146.7084358694942      -133.0308362902594    
   -131.0487071460360      -119.0876955186095      -84.24685342927387    
   -49.33295793538782      -18.25344761500449      -4.434888819928360    
   -69.66127015941088      -117.5264959452586      -183.5903071594864    
   -230.7917911479771      -257.9490701274443      -232.7197458590631    
   -235.5332559843667      -221.4700435541413      -173.1984595105553    
   -117.1895513080810      -68.34525180838151      -51.47161718174730    
   -137.5301024078776      -179.6467399698113      -246.7930181190884    
   -290.0533293331354      -334.8046239609095      -386.7207071135532    
   -357.3871200000210      -341.8728647556160      -294.9258790415626    
   -230.1700712338368      -162.3224728937616      -120.7021167584563    
   -258.6561663383708      -305.8632522097577      -381.8164874087805    
   -425.1741835300064      -412.7967039427909      -398.8789657765465    
   -380.8796178059254      -374.6996533591269      -342.5305883192305    
   -324.8405457536514      -280.3109456284661      -256.7110933881625    
   -332.8944614702406      -348.6747766472902      -362.8510810955132    
   -362.0624593470083      -342.4519381160303      -333.0607326638860    
   -318.7317912083987      -337.9560314172653      -330.8680631015258    
   -342.6833529114735      -324.2056619012794      -301.2686800957874    
   -371.3534689141630      -376.8520538375951      -354.8141765335049    
   -302.2495947872806      -272.1851103867998      -250.5641612050963    
   -260.1884385006294      -286.8529427455195      -321.7742575180267    
   -367.0367771804204      -366.7923538696822      -355.9302029868603    
   -379.0016275968214      -322.3571542259458      -292.6222075526255    
   -239.8481294870321      -191.9299512286604      -170.5106251241421    
   -164.8739916730006      -226.5122756156731      -277.2172042622695    
   -296.0394332390447      -379.9937119241804      -369.8318968586555    
   -241.2499550139842      -247.4579462598582      -185.4813843631033    
   -137.1834886752199      -72.73063743176637      -54.18275447833747    
   -53.56723181216483      -83.59377207114197      -154.0156140911922    
   -157.9193660022517      -190.3649596536530      -223.2369406219070    
   -106.6441662703584      -119.4954624000849      -95.96223434325248    
   -34.78664195425873      -3.003556752806293     -5.1811177593390802E-02
  -0.4216931451228543      -15.31590346382233      -74.73879937932612    
   -125.6747991411027      -103.0555744264307      -97.55002620368960    
   -147.4024421309684      -104.6202358603325      -44.93473106985046    
   -3.969602043258092      0.0000000000000000E+00  0.0000000000000000E+00
   0.0000000000000000E+00 -0.4571369811650988      -19.69571971643110    
   -73.41212640396758      -133.1376787109267      -149.7118580899573    
   0.0000000000000000E+00 -0.6224599211238370      -19.96118585695179    
   -57.12041913155866      -75.04255202430421      -93.17378555972151    
   -99.21674596295389      -50.36240317501355      -27.70887882004349    
   -3.557402605523422      0.0000000000000000E+00  0.0000000000000000E+00
   -3.790400610138531      -23.71645305761917      -67.66322935380100    
   -111.0177827800840      -102.2892833352405      -107.2924219392311    
   -110.5672155823378      -98.72576290556711      -79.73377558503370    
   -36.58537917894702      -8.299171820461781      -2.142349894734699    
   -55.78223578395998      -93.62970464834233      -145.9678948469906    
   -187.3539080424131      -204.4907692867936      -196.3860130997256    
   -198.6761666336095      -187.2882745803378      -153.2778229419839    
   -101.1137541313452      -54.01706877280731      -38.15950821313497    
   -137.5334016570830      -177.2422423180773      -243.3097566642207    
   -279.6496122589793      -316.8834829212396      -341.6025297046225    
   -352.5269764306096      -342.2750015148641      -286.3691092733037    
   -221.6824284192446      -148.2525865079968      -114.4477709091427    
   -256.2084585262617      -297.2531588399279      -358.6442778754356    
   -401.0611399373416      -421.3984395244966      -419.7457400019534    
   -408.3602800574751      -397.7765145019544      -371.1358101224992    
   -333.7726141760531      -275.8380238515288      -236.1134470128840    
   -333.5578547196138      -377.2869664187145      -371.7598314067733    
   -381.7064326681328      -355.8517690506176      -342.8540427778307    
   -346.5418772636879      -352.2682784518414      -354.2890923950989    
   -360.4618573853263      -333.4294227715653      -321.8976483736977    
   -386.1519340167614      -376.2000289477965      -361.6362474747119    
   -339.8556389770325      -289.9066831209481      -256.2638275934235    
   -262.8256958673643      -298.4683343770811      -324.6691595747957    
   -352.8352453963708      -367.4162319531056      -372.6661381702665    
   -315.9528481148790      -305.1365769067493      -269.3432123880733    
   -218.9113532020030      -160.8635082456337      -133.7347276141473    
   -141.4932771618109      -188.8739334452018      -246.8242481189359    
   -263.0605029118033      -290.8696985152927      -305.4860206859544    
   -214.4023486440420      -203.3743312335247      -167.1881713689442    
   -110.8629930856464      -67.21404432762772      -47.42268511037208    
   -54.78989429974884      -92.29295360312909      -151.6413719803664    
   -190.6674468865731      -209.0118987310420      -211.2325927357321    
   -140.4339709497200      -148.9583465984172      -111.3043731710779    
   -52.50575780848719      -14.37709662099559      -3.994994158371432    
   -7.482742056811086      -33.43890647249085      -93.27806888292091    
   -122.9216448126233      -131.9356751272200      -134.6767922679948    
   -117.0258669187779      -95.09327764432734      -62.88607621908603    
   -9.870968771832786      0.0000000000000000E+00  0.0000000000000000E+00
   0.0000000000000000E+00  -1.405562328333552      -42.47410082059068    
   -92.32852821518181      -89.24598521173871      -111.1726823198841    
  -0.1213529915258856      -7.177462538491485      -46.31218501593723    
   -97.13811487037165      -113.2267563123684      -112.9632407626784    
   -97.67761090977299      -82.20442127442966      -74.74645381848812    
   -25.50880693384807      -1.386812659553472      0.0000000000000000E+00
   -136.2153824635826      -191.2052634233611      -249.1928597912704    
   -317.9743407178173      -359.6264206562068      -412.3140528169504    
   -344.1242363761817      -338.4206749555022      -257.9938705491164    
   -226.8827781750486      -140.5515780802326      -126.9119318549744    
   -203.4270948649635      -241.8915982821297      -275.0505001706488    
   -283.3210120866054      -359.1330295468388      -377.2179351077486    
   -335.4610435165448      -347.0185608341321      -323.7744755919367    
   -288.6095284821038      -245.7601666594542      -194.7524473749324    
   -370.1484318623763      -373.4161655672926      -354.8065754300943    
   -372.4010214391795      -327.0680553439312      -261.9748738237005    
   -297.3263408061287      -321.6375897615906      -344.1471606327623    
   -352.4391874899834      -358.3140830135415      -355.5916263768817    
   -183.7189147942890      -122.7043596071980      -63.11913582107696    
   -9.957344366653199     -0.2879026397587343      0.0000000000000000E+00
  -1.4346744758350521E-02  -2.697763150035681      -24.85560143880412    
   -84.54839286947879      -135.9546464594031      -180.3797299288881    
   0.0000000000000000E+00   4.825062858212042       82.96030683758832    
    168.2811420397580       256.9375572846579       305.3853258792736    
    277.5672431020801       200.2756206982310       126.8383836664602    
    31.30611694587066      0.0000000000000000E+00  0.0000000000000000E+00
    32.66287910666829       101.6888564003101       193.5720924975908    
    264.9205791583329       289.1276949363105       281.2598919945896    
    275.0791484909355       255.1543955241318       208.5825184019200    
    135.7941864557759       59.22789481858293       20.41536909051100    
    148.5310128020226       204.0984191089301       262.4049864252241    
    279.8354567161456       298.0882703227280       320.2052382315878    
    313.8439436536161       292.8321920713412       264.5740365196684    
    214.0788064036918       166.7789469400672       131.7348136934243    
    225.1957577592722       263.3256468814293       294.0328855387262    
    322.5883979992799       327.0103531327813       304.8101503801912    
    316.2051209282424       306.2544630601548       295.0438392656218    
    264.5699547912217       233.1732276308644       218.9153673613048    
    275.3549467181316       300.4494710919973       308.0712953853948    
    321.4544321725365       337.1147189621533       342.0785609320957    
    346.6202759455495       343.7718021310683       342.6514724727766    
    312.9017349107439       283.1555077852765       265.0146302966725    
    310.8124689705309       325.6468858300602       328.0420353347746    
    326.1930123967265       313.5881260595106       304.8174586919768    
    317.0807547243575       325.3368349782284       342.9074037236111    
    334.8723776358017       324.4743075148174       324.1705552779524    
    333.5651098862024       323.6892152574497       316.3183209434668    
    301.5146313284839       272.4666465471819       256.4929903122554    
    261.5510444880016       290.3531719083085       314.9020467256571    
    324.6660612953153       335.5329006939889       342.3185891934406    
    308.3317331813318       320.8350495293543       299.6020574060445    
    267.3839075024833       232.8469087184290       210.8369029030887    
    225.9502107208505       241.1974673297655       278.0125054518011    
    318.4351444307675       299.5848346044446       314.9578865536355    
    328.8277995171648       293.3093016667996       273.4566836752893    
    216.1840103917310       181.6830722592480       151.5494423530649    
    169.3647707175675       209.9404949447303       250.1724985001905    
    321.7986994868158       348.5201680305810       342.1918040913234    
    285.5539860745655       261.5633767055895       198.4260675279264    
    98.65449325646715       15.10846830755109      0.3041196144463271    
    2.484676404203472       52.92408073661785       160.8991834651001    
    242.6793005458936       276.6889815248198       299.2438194483405    
    297.5058253553968       206.4578084701295       112.9883942237116    
    18.51412603136270      0.0000000000000000E+00  0.0000000000000000E+00
   0.0000000000000000E+00   2.369489633335863       63.72572560282259    
    161.9002286244176       257.8380454102492       317.1932679932192    
   0.0000000000000000E+00   4.142842509742520       67.44107287662429    
    155.1453028456917       250.0618868471698       298.2871374705916    
    269.9409935742923       195.9432338690813       109.9582849208554    
    23.54011065108912      0.0000000000000000E+00  0.0000000000000000E+00
    19.83281315183385       73.31803129805232       163.4960681373513    
    230.9825176824569       267.1220498998869       279.0979774572171    
    264.4205151115000       238.1871632767697       185.7098092424223    
    111.8191807516860       36.84011258422121       12.79269925903650    
    130.9527414761280       179.3792885534329       235.5139239963299    
    280.5971194305880       306.3316410579721       321.3145675090940    
    312.8697351715489       294.2002203208471       261.2598964994879    
    214.7663543907648       161.7380689730679       123.9185234025850    
    211.9275628087434       244.4206732655215       270.9410503977685    
    298.9816119340610       300.7620293702287       287.7306267363418    
    274.1014349146085       265.0757192076478       264.6410488873908    
    246.6093702260829       229.1183392123945       211.6252227538571    
    234.8414588323729       252.1265218256293       257.5516602697011    
    258.6032935778952       254.4583510022551       252.2026622511383    
    261.3798741729746       266.5044712620927       265.4372191928823    
    253.3820724307099       243.1642772007111       240.4731127309575    
    281.8817729349346       273.2725963797774       290.9148113060627    
    277.5619470157630       273.5603265782194       267.3259774934072    
    268.7598320103899       283.0886782461903       296.0512511053483    
    290.7472205567400       289.9918417593807       283.6504362278794    
    277.0299862574707       283.0139936729771       268.4051537374565    
    240.2381086985407       224.8779111236132       219.5552449501826    
    225.9550706961104       241.0937249174126       271.0214508264255    
    286.2567889765511       288.3036927166799       285.7747931372964    
    301.8693683711122       289.1540661881995       268.1246093073217    
    237.9772424865004       211.5932004937774       194.0567943937810    
    202.4841239857226       224.2894315906900       254.2855406523851    
    298.8663003199766       311.3701647408355       312.1144750813588    
    308.8897484100677       285.3220927389460       246.0223688478601    
    196.8752216193704       145.4693091806778       115.7020900936733    
    127.4322134969076       169.0141534275361       217.8694173177030    
    268.0196774933517       301.2335349099618       315.0980841706023    
    266.7967000644793       230.9177498241103       180.8726004942352    
    118.3578822014185       49.53503717321300       19.24400189299545    
    30.79065873370231       89.68122635350689       175.7530119685453    
    238.4374756711347       274.6140898752041       278.8829609072171    
    242.4658792564004       166.5031041303858       114.1072916032948    
    33.99881683197182      0.0000000000000000E+00  0.0000000000000000E+00
   0.0000000000000000E+00   6.103463282026120       93.27755358554215    
    164.4611646407042       219.0853286664858       268.8638778795988    
   0.8979266848724194       35.44926744137684       142.8046952550022    
    229.8331962459047       277.6600857787067       315.2265695544526    
    295.8771767366420       248.7942257366172       191.0978124662443    
    86.01558124192482       8.823958500456900      0.0000000000000000E+00
    214.1404662589244       251.4551354015913       286.2763207384212    
    308.8003447696789       316.5122060127950       294.8970160374081    
    327.8187442464157       308.0342551615517       307.2335781422145    
    255.6978464062860       228.2300144364060       198.4537858470439    
    245.1806444895346       293.0322376823370       335.0155678009896    
    367.4107777117406       355.8757140539871       345.5239968717890    
    362.4826902948229       337.7891064489021       317.7695571359607    
    279.4140580677877       242.7403451944074       234.9794926723608    
    343.4426457505638       341.9273237105493       334.5199634611521    
    284.9796868742901       269.1016262173101       280.2060122914654    
    266.4417799215270       297.7660657464545       326.0529874155025    
    350.5282066980268       354.5193395466316       354.1146582085664    
    314.3603957327168       237.8675012171422       152.2764657252316    
    43.44351749606187       1.678254313657070      0.0000000000000000E+00
   8.5262739136902882E-02   13.52587315482572       96.39857343213204    
    200.1089388608040       278.6827362306805       330.4216905497641    
   0.0000000000000000E+00   3.484936202668901       74.32316522374917    
    159.6095991897666       250.6168217367105       301.1516817535348    
    272.0690125984068       192.1120159021787       117.4075655820955    
    25.07055851295086      0.0000000000000000E+00  0.0000000000000000E+00
    26.37258721894471       92.56512784835125       185.7102417248272    
    259.4264001001452       284.5961700083816       276.4715015389971    
    270.0321494371943       249.3527312822644       201.1575225640903    
    126.1437816580825       50.71909934161577       15.64221894861056    
    139.1130274910809       196.1210103487122       256.3568764728412    
    274.9216048051568       293.9524602592918       315.5840524230961    
    308.1972381374891       286.6904302247508       258.3495144019856    
    206.7309259819018       157.7487462797115       122.3620541288390    
    217.1985145083768       257.2234420323949       287.0084783433865    
    317.2229860408736       317.4682065513836       291.7773481222134    
    304.6911682408856       293.5139642326324       288.8851260000240    
    254.5606085131082       225.7516133889559       210.1154050863089    
    270.1650352654390       296.3943901880243       302.8942195069041    
    313.4973783725836       334.4568266456183       339.6307745039309    
    345.9295164858609       342.4837647050458       342.0842570919924    
    307.5195439173658       276.3736700407360       257.6056911493652    
    305.3915878492024       318.2894143389342       321.5820239538508    
    312.9212334340839       307.4639909115041       296.0299412938276    
    313.4730684031237       323.5549295995407       341.2680607854949    
    329.2453581537353       319.0064448561873       315.0314632947375    
    319.0720226157503       309.7883130760584       308.1750013733183    
    285.4614758643370       255.0667275045216       246.6387828195682    
    253.2216112944377       284.6398409293597       305.2347591003369    
    306.5439292966449       329.4658532836098       327.8477311426189    
    291.2580263476769       295.3414336778197       276.5432607368755    
    252.7223052936675       223.4268747632418       188.2676493217974    
    216.7973886013619       232.0542172497984       251.4666802748266    
    297.7071711004260       265.8557888138150       286.2006166988837    
    326.8329947178253       268.5222326765171       268.8733545874010    
    205.5772282007581       173.4179164582665       142.3730981538289    
    160.8224953641653       202.6800816765328       244.4841907984212    
    319.2868704524652       347.2209733269069       340.8273405750587    
    280.1128103766850       255.1489842768358       190.0670954870680    
    89.29144779657246       11.30552150071826      0.2184749907734640    
    1.805318454324365       45.43193334619146       152.2024308408070    
    235.7898765394022       270.9777633632086       294.4531008811630    
    292.1809421896516       197.9967391714278       103.4151194097672    
    13.99214213237725      0.0000000000000000E+00  0.0000000000000000E+00
   0.0000000000000000E+00   1.739215902289715       55.59362029432050    
    153.0703938680943       251.0428059835316       312.7820364514056    
   0.0000000000000000E+00   2.990764088811397       59.49083514157671    
    146.7736264617221       243.9638867987104       294.0750481772041    
    264.5869416241457       188.0531118838343       100.9564130588542    
    18.42359764618235      0.0000000000000000E+00  0.0000000000000000E+00
    15.24790057361221       64.95340251464594       155.2841119171337    
    224.5456481651336       262.0178586528590       274.4612949576918    
    259.1992409578909       231.9678369985682       177.8175970687439    
    102.7251090069819       30.14227467450671       9.420501923264617    
    121.6984026900495       171.2004263243459       229.1625854039769    
    276.6468707480675       303.7031754296419       319.3854356085698    
    309.4444732187495       290.8415942963117       256.5381587075344    
    207.9529437310707       153.3772051346815       114.9058472359767    
    204.8354332542672       238.8285832926713       266.3905733514696    
    296.4218262947011       297.8823423579601       284.8935088078720    
    268.6265601559950       260.6982885217953       260.5974713199549    
    241.5378705381117       222.9727566007032       204.5985905477153    
    228.0494850153506       247.4931795675772       253.3888597167117    
    244.0805785529651       249.2813230939073       248.6828493349505    
    258.0771786524274       263.5568412037202       262.3576166890005    
    249.2690930271297       235.9166374499949       233.9893185893908    
    279.0595635584078       265.3599961027589       288.3003871226604    
    269.4684853623000       268.3226531389736       261.6915661261412    
    264.8987802894022       280.7579109202037       294.3962727350228    
    288.3062848075898       287.5812544641723       277.8720540941288    
    273.8957848475554       277.2335878736254       263.0483468307913    
    229.2131072920022       217.2655008468680       212.0321133168624    
    218.7570631253578       235.6695384328632       267.4992409663132    
    283.1432649197490       285.3006929356627       283.4952034667988    
    298.1141441939196       286.2197685161141       264.2564924854385    
    232.1623607184423       204.7197290684328       185.3008807661532    
    195.1133607554640       217.9426265205826       249.6273782954709    
    296.4149668269768       308.6685828623696       310.0843696654142    
    305.6956104725557       281.2150174515746       240.6042364531564    
    189.1867552758156       136.7637245840115       106.6696184702382    
    118.5641264397249       160.7868278933771       211.2274881782346    
    263.5872157531333       298.0992544013989       312.6554759031993    
    261.5723109337265       224.4515864150788       172.7110862394435    
    108.9202958833094       42.08168208791685       14.75630567220449    
    25.02454041270578       81.24563559780164       167.6885179490978    
    232.2265951698581       269.6933327369531       274.1450479834594    
    235.9307116781961       157.6455904002296       104.6925085660495    
    27.69040897278559      0.0000000000000000E+00  0.0000000000000000E+00
   0.0000000000000000E+00   4.559230883763688       82.52436326368269    
    155.9899759001547       211.8532195742847       263.3384709304660    
   0.6258139612351123       28.07349842033057       132.4461800570830    
    221.1252126975160       270.7131120217765       310.2465723553918    
    289.9605251560752       240.7641925647596       181.1368725112827    
    75.65202854747034       6.244376060144169      0.0000000000000000E+00
    205.4809709435982       244.3411579112491       276.0277554280370    
    302.0850746518916       301.2668108395768       275.5604574202679    
    325.4776453330441       304.7039104113863       303.4737532815403    
    243.5370842125337       215.9713420717537       187.8707102247616    
    236.2293069967123       286.7383694155074       331.4399605582733    
    366.2641916476752       352.8385097948728       341.5823875191004    
    359.8937852510920       334.9198052220069       312.5831235749911    
    271.9453638988583       233.4222282864012       225.4908759433193    
    335.9675169254687       327.2256556248140       328.2207311186307    
    259.9813949763069       233.7399492821624       271.4091990599999    
    247.9678916797947       290.8839245222848       321.8281585232301    
    343.5584774862654       345.6263542805143       346.8948951840426    
    308.2266679065527       228.6812613315151       140.9839643465056    
    27.71413988333512      0.9218861086631911      0.0000000000000000E+00
   5.9569176089740390E-02   9.361889201931231       83.53783059295071    
    190.0751383004267       271.1220886626746       325.3096367061248    
   0.0000000000000000E+00   2.386684562639763       63.43370345835483    
    145.6726959767577       240.9841597419667       293.2905489967874    
    253.0255957316298       174.7413316306445       105.7916730076666    
    19.63536826248427      0.0000000000000000E+00  0.0000000000000000E+00
    20.25333516312924       74.27369013686808       162.0449704501166    
    237.5975192845676       257.8798316839101       227.9323206411892    
    202.5570668938776       202.0063384657757       173.5732291833473    
    106.1849419960693       41.18607589501151       11.46519846807128    
    109.3579703922094       157.8849446998507       215.8899013531421    
    220.3929178990831       209.8397180633141       214.4307228207865    
    203.7247460895393       193.3705352755507       189.0582361383069    
    146.1021875047264       115.3766462191834       95.31612105638987    
    154.6003765298410       186.8735027535467       197.8174956290458    
    215.3942317617631       200.2478767248722       190.8337757738923    
    199.9037278880055       192.0719820636974       192.9009505606149    
    167.6712651200217       140.9488582624120       146.7704521278441    
    219.7811448648839       231.4152253637017       243.7647422016859    
    247.4156571466889       237.9409370064892       235.6053813032370    
    231.1070362187742       235.9202662819269       239.0010375034106    
    227.6142280187960       216.5016461207533       211.1534514410304    
    176.9568661188414       167.9502333465729       175.0011509705715    
    164.0246471617956       175.6350918164667       189.0014343083359    
    198.3911991735494       202.2564491036829       198.9419027497125    
    179.3580031536990       176.1556794122843       173.7716456904882    
    174.6747350464976       180.1052431186131       193.0718083157566    
    194.7142550744639       176.2972454378153       181.7878558552478    
    192.1453724080128       201.8390855807671       218.6376416986555    
    210.4092739872096       201.3319640229258       184.7177999961964    
    174.0368732957131       189.1022113757686       185.3392042403233    
    160.3101857774618       126.3747126436142       134.6875487020459    
    157.8432555222988       171.4314722652323       173.7823871291024    
    205.7405017538555       181.9834492279720       176.0577743900915    
    226.7876937481521       201.4361228828130       164.4503689473894    
    143.1334034780486       95.34421001338474       95.79005397794282    
    99.47501818282558       158.0540306335225       180.1278171215639    
    228.3048392943113       209.5786822012166       246.2140826276240    
    263.7183503611942       236.1431703949983       170.7418520800001    
    73.04304586473371       7.736392938625531      0.1390952421207555    
    1.132686961665226       33.56480450150740       126.1680437115110    
    215.9822911920575       250.4792315761628       275.0998776172713    
    284.3482587702516       187.3340399546919       91.53711775900368    
    9.291461104668780      0.0000000000000000E+00  0.0000000000000000E+00
   0.0000000000000000E+00  0.9786177663286050       38.21988227709011    
    135.2817403938728       234.2913829908669       306.1975261565875    
   0.0000000000000000E+00   2.296299561279543       52.72304491396945    
    137.1791884623569       237.0387638173562       287.7906879009995    
    252.7322040207320       174.0201363590466       91.51062580069822    
    15.10158688413311      0.0000000000000000E+00  0.0000000000000000E+00
    11.60868730498893       53.83243797488927       135.9757918185293    
    204.8604166262249       246.7713673534016       255.3159327683031    
    225.4286820104732       204.5971509286393       157.8314345093874    
    87.77422852528575       24.04886702162733       6.774290360776964    
    91.62479376303642       135.8553343965945       191.8256909071787    
    237.2539081969933       266.0157605818657       276.3133728568270    
    260.0127050122974       234.2125478611554       202.6076291049315    
    156.2186388634913       119.6026447128380       89.66138243129426    
    146.0844602598783       180.1259151635400       193.3507631136543    
    212.4932439646805       203.6487137214423       202.4174532876287    
    198.9563685614005       180.9328268492550       171.2578241519732    
    163.2828026425929       156.1919378101410       148.8895298960407    
    178.7415082046685       186.8776311166110       196.0798502145372    
    187.0532360784548       165.9530686966518       164.3334655479013    
    157.0315763718572       147.2536957601999       149.6765913050559    
    150.1705996507138       156.0781692339505       164.8309742053451    
    153.5279332399659       147.0588503078835       142.8440833899715    
    132.2048178089376       136.1411954150029       147.3552203842526    
    154.1970059378163       170.7214984720734       175.7137443834731    
    163.2854869208178       161.0643394538301       160.3234707388309    
    194.4060021001001       169.6705509956451       172.9458427747436    
    157.6185869379785       162.6511018841646       174.3680834886144    
    179.8948034011628       204.2048868677361       231.4132002963185    
    227.2678123229487       221.4604847457593       202.4905995389836    
    222.0983501246018       214.8730864363763       193.2753193799576    
    156.7806655846521       138.7716473285136       131.3903086175069    
    139.3129858758166       169.4982739634513       192.0021031459584    
    229.2740722271050       238.9694253719775       231.6060433910238    
    261.5713645083128       238.0668455698827       193.4246028420542    
    153.4808969094637       107.6499972196205       83.38168675970221    
    92.72308054150417       130.7303801055035       179.9494655095006    
    228.3134282639101       259.3362747810121       271.9324115100814    
    243.7063460318434       204.1992578450121       152.7451733901513    
    94.32021903961049       34.65238665549862       11.02950829810089    
    19.36917041367371       66.94748253470938       145.4995796941769    
    209.6162117773754       245.1729664500763       254.1248890473370    
    227.7936222804579       147.2186421661069       93.55250132095266    
    22.76521267958812      0.0000000000000000E+00  0.0000000000000000E+00
   0.0000000000000000E+00   3.401621406911043       69.85551902597888    
    143.5277253375075       199.9431053529202       256.0735315232931    
   0.2350621953268014       13.33990167353399       91.29971999194684    
    198.1854464781895       248.8924835306651       287.0984475301292    
    274.2102567228490       210.6738056294883       156.5458444149274    
    48.83052584957418       2.895858133858006      0.0000000000000000E+00
    129.0346474826040       165.4317899879778       178.5820487849535    
    177.7927521882300       167.7474367013282       166.4672382042840    
    168.1820192087000       151.1411986425222       176.1480441975599    
    128.7287542724946       121.4400801730332       120.8218797342055    
    146.1170982565209       174.5075789386184       211.9677376550177    
    215.5671462453922       206.7469205752529       190.8262778183291    
    177.6926958995267       185.3698367727656       188.9651416605902    
    174.6498289434333       152.3920967051789       136.4399435488469    
    175.3325262715327       176.4192963540231       190.3326951202386    
    169.8350058100223       165.6543685941592       176.3103530854999    
    195.8592527311297       199.8494622481560       211.9841404811200    
    205.1295999660144       187.6121685946351       167.8642356743254    
    298.2443264863725       210.7807144551444       99.83424767484176    
    12.69142776526883      0.3921204846475862      0.0000000000000000E+00
   1.8895158915470649E-02   3.484231432617128       39.51562266631727    
    147.7390068130140       235.0847007934671       314.4594428855562    
   0.0000000000000000E+00  0.6533972784250900       22.68278548439861    
    48.56992501051647       56.75755441022788       52.55013113256267    
    52.02000936933248       21.88253667028078       27.04759186882293    
    5.447945968538675      0.0000000000000000E+00  0.0000000000000000E+00
    5.766982008410170       26.93561333756826       56.62099185138177    
    82.76175405321527       68.49816870746682       25.14282805885903    
    22.00307792981945       18.48241034448820       15.43402354824297    
    16.88667150128326       11.17841131942876       2.825911156058353    
    37.63101814011372       58.66922677587306       79.38444881576181    
    48.69706793222321       43.36123868842342       34.44252238714135    
    36.34278139838778       32.24603834148296       27.24411768101038    
    15.76199465093691       20.59242436986534       21.63352070148837    
    28.30369507554123       38.92944855145809       45.13844301398127    
    53.60185526076344       65.55474537154609       76.14530723065859    
    71.40594657600413       67.14383063800304       61.90494201082396    
    43.13387134922100       27.62728488651821       23.98351059990531    
    69.42331504521873       84.60177556121900       101.3722774070312    
    119.3038758985198       117.0278655677812       114.1990479018253    
    105.8845337500473       102.1431255056979       96.25110404895619    
    90.11076739206287       74.95514686105186       68.82424413736636    
    52.89692992762121       57.25239832548503       58.60044959692538    
    58.94376838169296       54.34712257901404       54.45542979054538    
    50.61460844389374       55.42478915243154       52.57493838268351    
    54.96640980700033       50.34913929326866       48.17286194731630    
    68.77466244290295       67.41883243154578       70.07586537200322    
    57.24607325271089       50.68086755402216       46.40448265518385    
    48.08282343491631       56.05110032294405       60.17178615587100    
    70.87480167353917       69.94730188294842       66.63013399914026    
    60.60236025273172       48.57922314185004       48.95569532355422    
    36.74473343741333       27.17728109397830       25.33787889344752    
    23.95619099008698       34.83758798969051       38.39458279032434    
    44.70195441909572       60.53299830952194       57.32394401309160    
    32.27924398087109       29.94241149744285       23.96419485971295    
    15.52917091803489       7.382159699324286       6.799935687031352    
    7.681541041864437       10.93406538690537       17.34215814666825    
    20.32422240448980       25.81348852903535       28.97615489272353    
    71.54757115078341       82.11728176133833       69.39029165360589    
    25.15422079712448       2.171871887954230      3.5599460124418829E-02
   0.3408123998882907       12.90058548757755       64.75369578224814    
    96.43027338096815       72.71601331528946       66.47058785519410    
    114.6938402221065       83.03708120234593       36.40611911279284    
    3.216171575447708      0.0000000000000000E+00  0.0000000000000000E+00
   0.0000000000000000E+00  0.3949663517266453       16.97377125162033    
    62.02590559871219       103.2216423045815       115.4877273305930    
   0.0000000000000000E+00  0.4503497529330960       14.41796454447628    
    36.58562845376335       46.07612694292278       52.04687661366042    
    43.71489827127751       21.85728297795587       13.44988977924911    
    1.969733822678318      0.0000000000000000E+00  0.0000000000000000E+00
    1.831521574818938       11.21076736033658       30.82060097065635    
    42.78625348344434       32.74279959561048       17.27407993221622    
    13.56659735195285       10.58340178347679       10.19794989732582    
    6.848782982298878       2.245755894616958      0.6469896682098785    
    7.904342810587121       11.82543169708564       17.01985653915911    
    17.18035336748926       16.21611800444273       13.35424889078134    
    13.62918503106561       13.14763687553971       11.83304793112115    
    8.614891851990611       5.855450254972310       4.808098034855003    
    11.81411920234341       14.01986136735993       17.00735199082903    
    18.28908464173727       20.28054290695933       21.76008114218442    
    22.73798997977429       22.55592259982954       20.01720073820395    
    16.62618213144331       12.12706157635415       10.15151727964096    
    18.80570085582762       20.21321480111507       22.70218278951509    
    24.34441119419664       25.28390637146984       25.39461727011816    
    24.66496091547148       24.14503443026864       23.12176097063169    
    22.16250158128996       19.77758631015464       17.80295390477147    
    20.74729856355997       22.75040407504855       21.89665406985891    
    22.67336210048709       21.81371344280287       21.53123388644779    
    21.55490476580140       21.34745767418157       21.00934317902937    
    21.48352670016545       20.43922361589692       20.21517231786818    
    22.93742488059562       22.45914172818345       22.31295646918976    
    22.43047217248413       20.81529984808407       19.32229260054416    
    19.31768864625130       20.32569357107922       20.55155780108460    
    21.41709939555969       22.00823229399104       22.21090186495667    
    19.62067186793402       19.34565897588793       18.12679819371733    
    16.22133127226843       13.41601658768586       12.04949895803467    
    12.28161645764517       14.59995505531410       17.08023796983035    
    16.94109638752015       18.20844312705735       18.84848747632337    
    14.23631594996439       13.95147912261980       12.35520586416496    
    9.223801024725789       6.600419152973044       5.244948973207154    
    5.983056457532571       8.472493140767238       13.10181453910366    
    14.62419317620015       14.54722815168051       14.06809067619975    
    15.44773680446920       15.04479300644012       13.31200303126092    
    11.10496777649504       4.231179535559002       1.262418154045372    
    3.848374239817940       17.69921319588942       50.48209087943675    
    42.08837118384222       33.89427494018285       19.54160255808605    
    20.69017327123993       15.27198038967897       15.26245069837218    
    6.302613560815236      0.0000000000000000E+00  0.0000000000000000E+00
   0.0000000000000000E+00   1.080877430488502       32.66258353103423    
    47.86310902675024       23.52524170181432       20.64476710680248    
   0.1046912257893815       6.223577767125965       40.64357356998651    
    81.58630267962515       91.78160866680581       89.76059111002427    
    76.98949291908308       65.34429447104414       62.29369461232800    
    22.09062680471242       1.212767670779511      0.0000000000000000E+00
    39.02570707581643       53.59483533756811       49.31526695269242    
    57.07639415884818       67.17821537857947       76.73164522923445    
    65.07389309873595       62.23556212431684       50.72159494995628    
    39.09190267956087       23.23317585666245       30.64923154297632    
    57.83432307010910       76.31679925801193       76.38152389738920    
    65.92879951255308       86.87427984738031       85.74163664999129    
    77.08894780010202       75.09481656450619       74.79190386173737    
    63.49409626606281       60.53072904822359       53.47902204915644    
    67.92223724674605       65.34782897427621       68.05190116749209    
    67.73974579978677       59.62450648919866       47.75801949806058    
    53.34034554061946       62.97664007531944       64.90615449533898    
    70.84027668548667       71.08951406988662       66.03336501818694    
    153.3501781787930       107.3295033484161       55.26711532493500    
    8.730599540681524      0.2537285964193727      0.0000000000000000E+00
   1.1922144894189284E-02   2.374031572031401       21.77847798068016    
    75.62008258246183       117.2880735005271       149.8955555709059    
