 fraction d ocean
   0.0000000000000000E+00  0.0000000000000000E+00  0.0000000000000000E+00
   0.0000000000000000E+00  0.0000000000000000E+00  0.0000000000000000E+00
   0.0000000000000000E+00  0.0000000000000000E+00  0.0000000000000000E+00
   0.0000000000000000E+00  0.0000000000000000E+00  0.0000000000000000E+00
   0.0000000000000000E+00  0.0000000000000000E+00  0.0000000000000000E+00
   0.0000000000000000E+00  0.0000000000000000E+00  0.0000000000000000E+00
   0.0000000000000000E+00  0.0000000000000000E+00  0.0000000000000000E+00
   0.0000000000000000E+00  0.0000000000000000E+00  0.0000000000000000E+00
   0.0000000000000000E+00  0.0000000000000000E+00  0.0000000000000000E+00
   0.0000000000000000E+00  0.0000000000000000E+00  0.0000000000000000E+00
   0.0000000000000000E+00  0.0000000000000000E+00  0.0000000000000000E+00
   0.0000000000000000E+00  0.0000000000000000E+00  0.0000000000000000E+00
   0.0000000000000000E+00  0.0000000000000000E+00  0.0000000000000000E+00
   0.0000000000000000E+00  0.0000000000000000E+00  0.0000000000000000E+00
   0.0000000000000000E+00  0.0000000000000000E+00  0.0000000000000000E+00
   0.0000000000000000E+00  0.0000000000000000E+00  0.0000000000000000E+00
   0.0000000000000000E+00  0.0000000000000000E+00  0.0000000000000000E+00
   0.0000000000000000E+00  0.0000000000000000E+00  0.0000000000000000E+00
   0.0000000000000000E+00  0.0000000000000000E+00  0.0000000000000000E+00
   0.0000000000000000E+00  0.0000000000000000E+00  0.0000000000000000E+00
   0.0000000000000000E+00  0.0000000000000000E+00  0.0000000000000000E+00
   0.0000000000000000E+00  0.0000000000000000E+00  0.0000000000000000E+00
   0.0000000000000000E+00  0.0000000000000000E+00  0.0000000000000000E+00
   0.0000000000000000E+00  0.0000000000000000E+00  0.0000000000000000E+00
   0.0000000000000000E+00  0.0000000000000000E+00  0.0000000000000000E+00
   0.0000000000000000E+00  0.0000000000000000E+00  0.0000000000000000E+00
   0.0000000000000000E+00  0.0000000000000000E+00  0.0000000000000000E+00
   0.0000000000000000E+00  0.0000000000000000E+00  0.0000000000000000E+00
   0.0000000000000000E+00  0.0000000000000000E+00  0.0000000000000000E+00
   0.0000000000000000E+00  0.0000000000000000E+00  0.0000000000000000E+00
   0.0000000000000000E+00  0.0000000000000000E+00  0.0000000000000000E+00
   1.4993232844005118E-02  8.8458531794764511E-02  8.8083315477447965E-02
   8.8987946598649503E-02  8.8657276510786059E-02  8.8461958427799359E-02
   8.8694969474169452E-02  8.8842314694668204E-02  8.8465385060834220E-02
   3.2433081674896225E-02  0.0000000000000000E+00  0.0000000000000000E+00
   0.0000000000000000E+00  0.0000000000000000E+00  0.0000000000000000E+00
   0.0000000000000000E+00  0.0000000000000000E+00  0.0000000000000000E+00
   0.0000000000000000E+00  0.0000000000000000E+00  0.0000000000000000E+00
   0.0000000000000000E+00  0.0000000000000000E+00  0.0000000000000000E+00
   1.4851027573058664E-02  8.9287776989199263E-02  8.8453391845212240E-02
   8.8804621731284797E-02  8.8967386800440376E-02  8.8523637822426754E-02
   6.1725654173348465E-02  0.0000000000000000E+00  0.0000000000000000E+00
   0.0000000000000000E+00  0.0000000000000000E+00  0.0000000000000000E+00
   0.0000000000000000E+00  0.0000000000000000E+00  0.0000000000000000E+00
   0.0000000000000000E+00  0.0000000000000000E+00  0.0000000000000000E+00
   0.0000000000000000E+00  0.0000000000000000E+00  0.0000000000000000E+00
   0.0000000000000000E+00  0.0000000000000000E+00  0.0000000000000000E+00
   0.0000000000000000E+00  0.0000000000000000E+00  0.0000000000000000E+00
   0.0000000000000000E+00  0.0000000000000000E+00  0.0000000000000000E+00
   0.0000000000000000E+00  0.0000000000000000E+00  0.0000000000000000E+00
   0.0000000000000000E+00  0.0000000000000000E+00  0.0000000000000000E+00
   0.0000000000000000E+00  0.0000000000000000E+00  0.0000000000000000E+00
   0.0000000000000000E+00  0.1667342788352961       1.000425438926890    
    1.000989865614026       1.000000471751946       1.000379318458292    
    1.000018041454269       1.000708750376853       1.000064161922867    
    1.000301352904232      0.7316946456792754      0.5757734205175734    
   0.5760995581169495      0.5754209283647121      0.5761665426070571    
   0.5757580470280405      0.5759897474774289      0.5758217371989625    
   0.2110198116475608      0.0000000000000000E+00  0.0000000000000000E+00
   0.0000000000000000E+00  0.0000000000000000E+00  0.0000000000000000E+00
   0.0000000000000000E+00  0.1666003098550810       1.000200327115873    
    1.000528660928039       1.000014747135083       1.000519876076878    
   0.9998456387502215      0.8734459059172387      0.5759897474774289    
   0.4797264465544810      0.0000000000000000E+00  0.0000000000000000E+00
   0.9926972507298564      0.9928908734642152      0.9929478213272618    
   0.5676994165170104      0.4831066201247745      0.4828300162185478    
   0.4822149792976437      0.4831798388058345      0.2413897883413532    
   0.0000000000000000E+00  0.0000000000000000E+00  0.4026832208484561    
   0.4833482417722725      0.4833759021628952      0.4825330737898043    
   0.2089156762094361      0.0000000000000000E+00  0.0000000000000000E+00
   0.0000000000000000E+00  0.0000000000000000E+00  0.0000000000000000E+00
   0.0000000000000000E+00  0.0000000000000000E+00  0.0000000000000000E+00
   0.0000000000000000E+00  0.0000000000000000E+00  0.4350597080722932    
   0.4824566009451418      0.4826843923973284      0.8416153836079232    
   0.9991860529535749       1.000344535196124       1.000383585159357    
    1.000129760398348       1.000660189065583      0.9992706612072443    
    1.001095433447440      0.9991152748952168       1.001219091664341    
   0.9988516876434009       1.000833473277425      0.9994284881419736    
    1.000141963511858       1.001053129320605       1.000245283206243    
   0.9998059711198829      0.9953396315752222      0.9929876848313943    
   0.9936686185652526      0.9927509444293003      0.9925093227818024    
   0.5678995475785744      0.3709437361498411      0.1668783907901805    
   0.9992283570804096      0.9996489577260544       1.000433211154297    
   0.9999751876272218       1.000083388567010      0.9993097111704764    
    1.000654494279279      0.9986515565818368      0.9933903875772244    
   0.9923140729656423       1.000510005979023      0.9998877164927513    
    1.000133768193390      0.9995023656811690      0.9997399552862830    
    1.000155899827839       1.000663625559316       1.000457280614601    
   0.9590489925605348      0.9194379234098122      0.9180208478746518    
   0.9866373767620543      0.9993090393449527       1.000865413991057    
    1.000285434982408      0.9547437387297807      0.9185155549976293    
   0.9194730736527607      0.9182519281755162      0.9188026153150411    
   0.9198030953782206      0.9179134443545315      0.9186177510743496    
   0.9187362204116942      0.9188423220709643      0.9191371935534759    
   0.9911841257804724      0.9999456493005738       1.001126437091470    
    1.000520420865823       1.000562080413021       1.000051100029419    
   0.9994021223957235      0.9998187178677046      0.9995388177849672    
    1.000218389148636       1.000563382273871      0.9996143257142638    
    1.000574448091095       1.000203417748862       1.000642144855292    
    1.001500722085828      0.9999541113960985       1.000160456340814    
   0.9993878019263742      0.9996332026965880       1.000413017345702    
   0.9997523229643578      0.9995388177849673      0.9999345834833493    
    1.000448167588651      0.9988110775698504      0.9818250481302484    
   0.5637890671187455      0.8075442852182538       1.000519119004973    
   0.9998213215894046       1.000199512166312       1.000161758201664    
    1.001080221031297      0.9994808849771450       1.000232058687561    
   0.9990955341655625       1.000449469449501       1.000170336165693    
    1.000845025675417       1.000213529416315       1.000659130672738    
    1.000317958667821      0.9993201399034387       1.001538304685410    
    1.000086683414487       1.000174710165756      0.9995792994071743    
    1.000640541172470      0.9990347363993254       1.000398877668987    
    1.000947267926891      0.9986902838943605      0.9998176824106101    
   0.9993349021536517       1.000310850917718       1.000044583663880    
   0.9999598374126588      0.9992610909025876      0.9999401544123753    
    1.000040756413825       1.000445351419657       1.000145185665331    
   0.9996361614079937       1.000337641668104       1.000091057414550    
   0.9999352336623042      0.9998308044107991      0.9996547509082617    
    1.000225011166481       1.000766293674282       1.000880564425930    
    1.000753718424101      0.9992802271528637      0.9998067474104523    
   0.9995410269066225       1.000326706667947      0.9995191569063074    
   0.9996777144085927      0.9999018819118237      0.9999407011623832    
    1.000216809916363       1.001061538678538      0.9997241881592625    
    1.000427855419405      0.9999226584121232      0.9991397124008383    
    1.000132610415149      0.9997832371601136       1.000609923172029    
   0.9997143466591206      0.9995421204066385       1.001219549430815    
    1.000081215914409       1.000244147416757       1.000315224917781    
   0.9998860261615952       1.000602268671919      0.9997378569094594    
    1.000568916921438      0.9999248454121545      0.9998094811604918    
   0.9999574067464173      0.9991743752084226      0.9993449506466145    
    1.000481486713898      0.9996062779196101      0.9996566428122240    
   0.9996314603659172      0.9998619035066497       1.000521398515592    
   0.9995079238368645       1.000750891375332       1.000762769887741    
   0.9998837599694820      0.9997264884651883       1.001294927243659    
    1.000433972664262       1.000326115771589      0.9997312398701517    
    1.000392635441079      0.9995540124650111       1.000888682119275    
    1.000407364796466      0.9993154919358402       1.000335618581516    
   0.9999521802009572       1.000044357457250       1.000766095871215    
    1.000646360466134      0.9999507547794682      0.9996661456221512    
    1.000656813557053      0.9999683349778334      0.9997697262503568    
   0.9990627171917792       1.000674393755418       1.000538028432964    
   0.9997207867792320       1.001485458582698       1.000209706349982    
    1.000568437424731       1.000173120531763       1.000210181490478    
   0.9994979458864410      0.9998899367959347      0.9994703877376524    
    1.000888206978779      0.9990845736546113       1.000638283077695    
    1.000271474614508       1.000517122251125      0.9999559813249282    
   0.3684058855355444      0.8234066016724577       1.000451552862627    
   0.9992874586465553      0.9996290846634353       1.000052434845688    
   0.9999037158703289       1.000229187110333       1.000330392036057    
   0.9999664344158480       1.000456779408087       1.000745664829872    
    1.000102324597806       1.000320751276037       1.000088611018630    
    1.000139868265248       1.000201292238466       1.000017443932419    
    1.000637190641516       1.000276695460763       1.000219084010020    
   0.9995709551891586       1.000526203876114      0.9995294410555348    
    1.000743941270835      0.9996061151186564       1.000538065057149    
   0.9998746861463856      0.9998734153055604       1.000152153059891    
    1.000049214953049      0.9999344156651707       1.000222049305278    
   0.9998611305109166      0.9994222668126082       1.000458849312377    
    1.000343626410891      0.9999695755946684       1.000768934473730    
   0.9999674575266265      0.9994849616266522      0.9995692607347250    
    1.000468592425371      0.9863292174039990      0.9453873857651792    
    1.000174180967528       1.000983282959584      0.9994684406959244    
   0.9998522346251402      0.9994701351503581      0.9996654210238330    
   0.9994548850604554       1.000147493310199      0.9998564707612242    
    1.000341931956457      0.9997336228147865       1.000626600301306    
    1.000290674709840       1.000703697978036       1.000606266848103    
    1.000055992770783       1.000132243220296      0.9997196435657090    
    1.000205104760942      0.1666224822759353      0.4059667127069080    
   0.9993426274542279       1.001112485110148       1.000080562360071    
    1.000072090087903       1.000440633927216       1.000401237861634    
   0.9995662954394661       1.000219507623628      0.9998501165570980    
   0.9995641773714240       1.000646510140901      0.9996980071492976    
    1.000325848973899      0.9998278921676467       1.000480015167786    
   0.9997750902462407       1.000350515564921       1.000075714324319    
   0.9992844563341978       1.000611441848073      0.9998371421392799    
    1.000076870570773      0.9994212788312719      0.9998714441174195    
   0.9998433087870353      0.9997519653171577       1.000165901547742    
    1.000306578199663       1.000787576724588      0.9997130383532016    
    1.000046808162965       1.000096912175978       1.000289619918336    
    1.000150870343838      0.9998005276682318      0.9998645066386946    
   0.9818436348198516      0.9589931215620385      0.9933818181857799    
    1.000482327660694       1.000138151632843      0.9590779129686759    
   0.5072002258223700       1.000133526647026       1.000294630319637    
    1.000268036651192       1.000199818110397       1.000947524150745    
   0.9998544858360920       1.000296942812546      0.9998857044903540    
    1.000415650781838      0.9997966735133849      0.9997330799584065    
    1.000336640607471      0.9993033416929490       1.000181703582615    
    1.000218318053663      0.9995399868005642       1.000562108666030    
    1.000708951965706      0.9997901214501447      0.4822696251935474    
   9.5675925341262735E-02  0.7938406592840191      0.9858076330801507    
   0.9994417058519617       1.000101537161795      0.9996193823904157    
    1.000515087976894      0.9999951624880132      0.9997754756617254    
    1.000619150157768       1.000132755816057       1.000092287190161    
    1.000192093987197       1.000682049139290       1.000511598948096    
    1.000187101722182       1.000792948740674       1.000110078204823    
    1.000356125551944       1.000275892721361       1.000258776384170    
   0.9997060613290428       1.001057182196060      0.9996079989805524    
    1.000866406354452       1.000179969915020       1.000581490658293    
    1.000327241732934       1.000168202433201       1.000305133130729    
    1.000540482767106      0.9999717211458620       1.000831817089712    
    1.000269474094914       1.000166062891052       1.000529428466003    
   0.7469904745105382      0.2795650578351536      0.0000000000000000E+00
   0.8339978087175954       1.000031628326030       1.000245939131277    
    1.000700235247556      0.7372077746251441       1.000090822325483    
    1.000485924442309      0.9999171628210657       1.000453831310076    
    1.000411397057457       1.000315830841473       1.000521940068482    
    1.000333660359381       1.000079768024380       1.000148589963503    
    1.000867119535168      0.9996518595946045       1.000998344786966    
    1.000023426747793       1.000351846467646       1.000287660203180    
    1.000085830060469       1.000392141178117       1.000461319707597    
   0.7001829977387815      0.0000000000000000E+00  0.0000000000000000E+00
   0.3627689992822191       1.000902065390266       1.000261629107035    
    1.000048031482506       1.000354699190511       1.000718064765463    
    1.000128264313088       1.000247365492709       1.000248078673426    
    1.000316544022190       1.000346471957575      0.9995261608482444    
    1.000301289583132      0.4871489981902880      4.2002539334932934E-02
   0.1315730824834050      0.8450345699418438       1.000435832653696    
   0.9997490605621631       1.000517495611948      0.9998461189961514    
    1.000050611076038       1.000019150756055       1.000558661775329    
   0.9998407640480693       1.000323044059716       1.000353165642678    
    1.000498083925150       1.000434159232420       1.000168419933845    
   0.7763215495732585      4.1878706160533727E-02  4.2068806817449261E-02
   4.1917194849874023E-02  2.0992065850450308E-02  0.0000000000000000E+00
   0.0000000000000000E+00  0.3221359383552721      0.9998384212582834    
    1.000284890054631       1.000207243307440      0.9999338062709963    
    1.000168419933845       1.000344798536300      0.9995787062763002    
   0.9997775087238493       1.000367891749904       1.000102487135583    
   0.9997022047664443       1.000110519557707       1.000085083554316    
   0.9991663752739764       1.000628610784652       1.000366553012883    
   0.9994883415274143       1.000766835382022      0.9999036846880345    
    1.000190843778938       1.000320031901420      0.9998173361502103    
    1.000075043026663      0.6998200919034739      0.0000000000000000E+00
   0.0000000000000000E+00  4.1688270819363066E-03  0.3595225124434110    
    1.000217283835094       1.000327729639288       1.000178795145754    
   0.9990576028910583       1.000335092692901      0.9999448508514157    
    1.000465619552403      0.9999341409552515       1.000402675105509    
    1.000073747218545      0.8763695040815056      0.1103282665499378    
   0.0000000000000000E+00  0.0000000000000000E+00  0.4536707660304003    
   0.9999789498197875      0.8316668045499591      0.9889535033649655    
    1.000391541182836      0.9997953991517234      0.9999608174314346    
   0.9998532955496223       1.000600858929086       1.000150094116873    
   0.9998504325409350      0.9995730388103424      0.9997721769701486    
    1.000539781410423      0.7667776669883587      0.0000000000000000E+00
   0.0000000000000000E+00  0.0000000000000000E+00  0.0000000000000000E+00
   0.0000000000000000E+00  0.0000000000000000E+00  0.4804446689378730    
   0.9998965587920083       1.000371818234101      0.9999274156634159    
    1.000066748752865      0.9999143730682849      0.9998202118936801    
    1.000692157095004      0.9999958097598349      0.9997607249353994    
    1.000656528542450      0.9996920127269040      0.9998835161968772    
    1.000413809028182       1.000625671671043      0.9997018742012714    
    1.000048934476588       1.000462480175866       1.000245527739783    
   0.9997387752021299       1.000053388045657       1.000295471335773    
    1.000518467901307      0.9997845833411269      0.9633963791495985    
   0.2045237972589729      0.0000000000000000E+00  0.0000000000000000E+00
   2.2020672262389181E-02  0.6628310468024299      0.9887884031973307    
    1.000420171269709       1.000648575740541      0.9996675180970236    
    1.000600858929086      0.9997514996851846       1.000486656693670    
    1.000021055063793       1.000441257677208      0.6338545404584112    
   0.0000000000000000E+00  0.0000000000000000E+00  0.0000000000000000E+00
   7.4730007135088386E-02  0.8903717214350171      0.5003264440527535    
   0.8320528588713045       1.000184976898429       1.000033593860845    
    1.000458995487672      0.9997705849470632       1.000267549464384    
   0.9994142996161837       1.000484990554732       1.000105462575658    
   0.9995757748562732      0.9997302161370407      0.9519249819896146    
   0.7035488443675244      9.2382186790334428E-02  0.0000000000000000E+00
   0.0000000000000000E+00  0.0000000000000000E+00  0.2912946049865783    
   0.9650359763416598      0.9999112641335048      0.9999950599967331    
    1.000328408503736      0.9994928964660000       1.000432694596294    
    1.000518325405432      0.9994179695080039       1.000431165474702    
   0.9995981000315129       1.000295379477354       1.000509150675882    
    1.000214336032991       1.000187423492976      0.9996974929349772    
   0.9996390804901720       1.000109438291797       1.000240331100051    
   0.9999996473615085       1.000899076681780       1.000182836128201    
    1.000023195834022      0.9996473377467674      0.9997237938263552    
   0.9242494103003996      0.1744666571331386      0.0000000000000000E+00
   0.0000000000000000E+00  0.0000000000000000E+00  0.0000000000000000E+00
   0.5440064139699370      0.9999436815112501      0.9995711874914980    
    1.000426883934245      0.9996323523551682       1.000293544531444    
   0.9993730133332063       1.000405440879296      0.9993910680534811    
   0.6335979466606289      0.0000000000000000E+00  0.0000000000000000E+00
   0.0000000000000000E+00  0.0000000000000000E+00  0.5667542240489390    
   0.8549395048647803      0.8357089095498444       1.000547464959770    
    1.000631847467834      0.9997865367796555      0.9996501580078191    
    1.000377808579120       1.000001652750918       1.000102079820375    
    1.000056917351270       1.000173091860612       1.000511216135883    
   0.9996673910552407      0.9999787743948580      0.8167769213497137    
   0.4028994379495796      0.4391111216479215      0.4027309700549583    
   0.7457307121392190       1.000257771490183       1.000383453887758    
   0.9997770288914228       1.000350473400451      0.9999817456099308    
    1.000033741873703       1.000032256266166       1.000896582730810    
   0.9997972331539172       1.000294614557084       1.000475561555011    
   0.9991408917443610      0.9999903621336416      0.9995987559870617    
    1.000518347052058       1.000601541074093      0.9996305479883394    
   0.9997434541611017      0.9997841598075974      0.9998132777153095    
    1.000144568195914      0.9999413370849423       1.000182896870351    
   0.9387280670359895      0.2933967920533297      0.0000000000000000E+00
   0.0000000000000000E+00  0.0000000000000000E+00  0.0000000000000000E+00
   0.0000000000000000E+00  0.3606336064191357      0.9828978531850097    
   0.9997669267601758       1.000156750177712      0.9991655528294644    
    1.000010269274628       1.000385830859816      0.9999843171223337    
    1.000187525435123      0.6332504557654361      0.0000000000000000E+00
   0.0000000000000000E+00  0.0000000000000000E+00  0.0000000000000000E+00
   0.5669917177248487       1.000037378690379       1.000233006779162    
   0.9998875234927127      0.9999300893659797       1.000015512659591    
    1.000017553489132      0.9999662412035489       1.000442337580571    
   0.9999082233351917       1.000002393041118      0.9691946133963458    
   0.9863993895144240      0.9807524141766780      0.9755462580196167    
    1.000089565617193      0.9999018092994942      0.9580916260564017    
   0.2297539657125267      0.6105628453140601      0.9999636172798545    
    1.000105600706437      0.9999703228626294       1.000044667367308    
    1.000140294808621      0.9999881072343370       1.000275572652429    
   0.9998443745252912       1.000016095753745      0.9998295056243554    
    1.000016095753746       1.000756042235608      0.9999598271678513    
    1.000746129634984      0.9998125958938794      0.9998531209376065    
    1.000320762449390       1.000454874104889       1.000016095753746    
   0.9999359203075232      0.9997918960514003      0.9997595343258340    
    1.000377905676516      0.2992506255921872      0.0000000000000000E+00
   0.0000000000000000E+00  0.0000000000000000E+00  0.0000000000000000E+00
   0.0000000000000000E+00  0.0000000000000000E+00  3.6415396127100187E-02
   0.9081802241799295       1.000000352211578       1.000242919379785    
    1.000916684675130      0.9998697391210052      0.9999429174373752    
   0.9998800272520044      0.9999429910980264      0.3445295006824279    
   0.0000000000000000E+00  0.0000000000000000E+00  0.0000000000000000E+00
   0.0000000000000000E+00  0.2777725161751726      0.9998858037516396    
   0.9999710071212563      0.9998283275802708       1.000076139414614    
    1.000074406464723      0.9999034220755263       1.000205533006439    
   0.9998823378518583       1.000440925366566      0.9998242840305263    
   0.6335875641945730      0.8330272794188571      0.4778285839105151    
   0.6997484139394925      0.9997491895352708       1.000454500140709    
   0.7709157559180989      0.5423766349573320      0.9542748514583657    
   0.9996616755658000       1.000346768422515      0.9999126644749424    
    1.000077583539523       1.000329727748592      0.9999458793478438    
    1.000032526842369       1.000072095864869       1.000114553137187    
   0.9998849372766943       1.000063142290435      0.9997122199376066    
    1.000224017805271      0.9999712959462381       1.000031949192406    
    1.000327128323756       1.000081627089267       1.000105888387735    
   0.9999011114756723       1.000122640236676      0.9999349039985372    
    1.000410598743483      0.9997777832084642      0.1002156256933191    
   0.0000000000000000E+00  0.0000000000000000E+00  0.0000000000000000E+00
   0.0000000000000000E+00  0.0000000000000000E+00  0.2709779084794598    
   0.7405166377637327       1.000110798412424       1.000435437691913    
   0.9994635416283182       1.000373917970800       1.000446990691183    
    1.000028194467643      0.9994566098287562      0.9686537143499009    
   0.1015424876594872      0.0000000000000000E+00  0.0000000000000000E+00
   0.0000000000000000E+00  0.0000000000000000E+00  0.0000000000000000E+00
   0.2710145892521423      0.9851877892552684       1.000364964396366    
    1.000387203919961       1.000409732268537       1.000262720352826    
    1.000122640236676       1.000674007126840       1.000027039167716    
    1.000208421256256      0.2681459795333827      0.9097380392722272    
   0.4778727741327231      0.7004210873219926       1.000226039580143    
    1.000051878116147       1.000453056015800       1.000483960288848    
    1.000617975080381      0.9998915802512746       1.000384604495125    
    1.000620574505216      0.9998759837022598       1.000201489456694    
    1.000195424132077       1.000090869488683       1.000300267600453    
    1.000494069163209       1.000723973848683      0.9997705625839205    
    1.000392113944651       1.000304022325216       1.000444968916311    
    1.000614798005581       1.000443524791402       1.000292758150928    
    1.001028684204432       1.000335215423245       1.000120907286786    
    1.000453922490746       1.000100111888099       1.000613642705654    
   0.6335543493216715      0.0000000000000000E+00  0.0000000000000000E+00
   0.0000000000000000E+00  1.1359197707319352E-02  0.3517810294992722    
    1.000492336213318      0.9999941131197962       1.000401933994030    
   0.9999187297995593       1.000522085186439      0.9998141751561651    
    1.000452478365837       1.000055632840909      1.2052556170293358E-02
   0.0000000000000000E+00  0.0000000000000000E+00  0.0000000000000000E+00
   0.0000000000000000E+00  0.0000000000000000E+00  0.0000000000000000E+00
   1.2425444881996435E-02  0.3739581063821442      0.6897120458247337    
   0.9994892701852955       1.000514932802787      0.9996854813682323    
   0.9376366831220095      0.6633777645320892       1.000233006779162    
    1.000149915862167       1.000036795596225      0.8188589461467225    
   0.7382654214157386      0.9800567828505455      0.9753631664551525    
   0.7105594111249997      0.9998009340107925      0.9999242584244362    
   0.9998951037167191       1.000168866422184      0.9999860664047967    
    1.000470617647057       1.000655166946907       1.000088982523038    
    1.000470909194134       1.000263036128110      0.9995720695552124    
    1.000193939470821       1.000307934377995       1.000110557006749    
    1.000011722547588       1.000411142043314       1.000053413779624    
   0.9998321295480500      0.9999018092994940      0.9998595349733040    
    1.000119594966142      0.9997746947738471       1.000191315547126    
    1.000237963079474       1.000002684588196       1.000430384150407    
   0.9065851701207210      0.6206827359097797      1.6052873616171325E-02
   0.1061248853730964      9.2156864905782523E-02  0.5986164122798575    
   0.9998650743677702       1.000174988910804       1.000377905676516    
   0.9998408759603651       1.000233881420393       1.000087233240575    
   0.9425440035249697      0.2719376207614762      4.4279295439662414E-02
   0.0000000000000000E+00  0.0000000000000000E+00  0.0000000000000000E+00
   0.0000000000000000E+00  0.0000000000000000E+00  0.0000000000000000E+00
   0.0000000000000000E+00  2.3659191380771896E-02  0.7100942556789487    
   0.7100574126120474      0.9706213867476918      0.9998732962597778    
    1.000352850372509      0.8341635805905414      9.9930282296582240E-02
   0.9999654039270309       1.000099999969824      0.8745932012060662    
   0.1602827913389783      0.3002469284034038      0.9994739649540090    
    1.000433370300979      0.9995503251813770       1.000472293218431    
    1.000169823524032       1.000572423166381       1.000322841100275    
    1.000061374173879      0.9996350048109486      0.9997280038427234    
    1.000157047299219       1.000145162438928       1.000556972848003    
   0.9997785144989592       1.000849340411155      0.9995657754997550    
   0.9999933333487142      0.9999041968965336       1.000010863517643    
   0.9998272424261512       1.000141002737827       1.000539145557566    
   0.9999633240764803      0.9995732035374366       1.000214391750122    
    1.000065236753473      0.9705684991193981      0.7101201052500810    
   0.4384479464436983      0.5597136328127059      0.9998700279231978    
   0.9486658900895972      0.9997452368901451      0.9729110050827025    
   0.9999092479621573      0.9999092479621573      0.9997993130044680    
    1.000179034290757       1.000083361165417      0.9997063139726928    
    1.000164178215394      0.4037224645247132      0.0000000000000000E+00
   0.0000000000000000E+00  0.0000000000000000E+00  0.0000000000000000E+00
   0.0000000000000000E+00  0.0000000000000000E+00  0.0000000000000000E+00
   0.0000000000000000E+00  0.0000000000000000E+00  0.0000000000000000E+00
   0.0000000000000000E+00  0.0000000000000000E+00  0.4256918541049908    
   0.9662115650214028      0.9510166837641106      0.3728206401240728    
   2.5160778319410989E-02  0.5588621360581773      0.7934257183419239    
   0.1607953926298735      0.0000000000000000E+00  0.2383120709537803    
   0.8421517895119062      0.9996745561111008       1.000024724955613    
    1.000377340394673      0.9996739444624639      0.9999733464701300    
    1.000496306054511      0.9998348080539169       1.000677965699612    
   0.9998797642287146      0.9996730269895089       1.000100569386564    
   0.9997118666779398       1.000198738992755      0.9996779201786028    
    1.000015244401744       1.000252869897103       1.000420461623560    
    1.001007338490477       1.000033593860845      0.9998632497155238    
   0.9999788513078605       1.000748305292833      0.9998990311607707    
   0.9995965709099213      0.8755481109002036      0.2270292943768401    
   0.5464955180969995      0.3088495325085886      0.9439659041045180    
   0.9995898427749174       1.000508539027245       1.000091394657014    
    1.000500893419286       1.000121059615894       1.000109744116115    
   0.9999595843758043       1.000677048226657       1.000027477374478    
    1.000224122411178       1.000328714328055      0.3316631091846522    
   0.0000000000000000E+00  0.0000000000000000E+00  0.0000000000000000E+00
   0.0000000000000000E+00  0.0000000000000000E+00  0.0000000000000000E+00
   0.0000000000000000E+00  0.0000000000000000E+00  0.0000000000000000E+00
   0.0000000000000000E+00  0.0000000000000000E+00  0.0000000000000000E+00
   0.0000000000000000E+00  0.7300280874780767      0.3839606399514500    
   0.0000000000000000E+00  0.0000000000000000E+00  0.0000000000000000E+00
   0.0000000000000000E+00  0.0000000000000000E+00  0.0000000000000000E+00
   0.0000000000000000E+00  7.8536781861920035E-02  0.4269337641237861    
   0.9544793795369404       1.000206399954390      0.9999525465174488    
    1.000034937545228      0.9993191853734014       1.000472341650233    
   0.9998310277042766       1.000221669334056      0.9999169179648959    
    1.000056569166421       1.000393131743218       1.000235348153340    
   0.9999143730682849       1.000939330178341      0.9996019870092920    
   0.9994244804706789      0.9998443884114840      0.9999732238024129    
   0.9999900837424603      0.9996840599249949       1.000533737280972    
    1.000067703089094      0.9710797401301035      0.4427760636389653    
   0.0000000000000000E+00  0.7236973390462866       1.000065158192483    
    1.000654301757916       1.000046071467901       1.000373408794483    
   0.9996923308389802      0.9999805403801691       1.000027939079548    
    1.000105876538258       1.000213080307994      0.9998921052229393    
    1.000358139414818      0.9999426850430815      0.9996026232334447    
   0.7620769248358756      9.6600139894297207E-02  0.0000000000000000E+00
   0.0000000000000000E+00  0.0000000000000000E+00  0.0000000000000000E+00
   0.1219853826266107      0.2795684519976747      0.4237661592689506    
   0.3581556619454480      3.7216889170786556E-04  0.0000000000000000E+00
   0.0000000000000000E+00  0.0000000000000000E+00  0.0000000000000000E+00
   0.0000000000000000E+00  0.0000000000000000E+00  0.0000000000000000E+00
   0.0000000000000000E+00  0.0000000000000000E+00  0.0000000000000000E+00
   0.0000000000000000E+00  0.0000000000000000E+00  0.0000000000000000E+00
   7.0635112045813872E-03  0.6490618777700072      0.9998524779969992    
   0.9789494381584141      0.9984287311756632       1.000467292973678    
   0.9994056745163965       1.000840800602407      0.9998471230489169    
    1.000065337183264       1.000242050469974      0.9997975897791572    
   0.9999830048565009      0.9998400946795590      0.9998993337927177    
   0.9998832689484711       1.000289240949948       1.000000073753513    
    1.000281208527824       1.000055296655610      0.9997614438796030    
    1.000189170357663      0.8037017338014318      0.3233963592601029    
   0.0000000000000000E+00  0.0000000000000000E+00  6.9530988688130194E-02
   0.3180661778128551      0.2886634966309132      0.8455044666360505    
   0.9998672041042249      0.9998531473655092       1.000033876863281    
    1.000151016352578       1.000372912013731       1.000170093355120    
    1.000263470262302      0.9995934323835262       1.000779218699462    
    1.000125915033443      0.9999943841211754      0.6708079872472722    
   5.2630437856680479E-02  0.8341197626200817      0.7043929035070603    
   0.7870901300551993      0.9953684962125473      0.9980015594171019    
   0.9414459720246909      0.4064377677215695      1.4088885050372666E-03
   0.0000000000000000E+00  0.0000000000000000E+00  0.0000000000000000E+00
   0.0000000000000000E+00  0.0000000000000000E+00  0.0000000000000000E+00
   0.0000000000000000E+00  0.0000000000000000E+00  0.0000000000000000E+00
   0.0000000000000000E+00  0.0000000000000000E+00  0.0000000000000000E+00
   0.0000000000000000E+00  0.1668222408902972      0.9508856319855481    
   0.7866080198909853      0.7471035136540708      0.7203770663109821    
   0.9999802793144574      0.9998675967612831       1.000700235247555    
    1.000562591369311       1.000029488783882       1.000630343537359    
    1.000536916863524       1.000427800213932       1.000576854983637    
    1.000509102815589       1.000401055937070       1.000367536443405    
    1.000053380337877       1.000156078361024       1.000639614886671    
    1.000269117504556      0.8194107669368920      8.4350022858148646E-02
   0.0000000000000000E+00  0.0000000000000000E+00  0.0000000000000000E+00
   0.0000000000000000E+00  0.0000000000000000E+00  0.0000000000000000E+00
   0.1059964839590806      0.8211905094144017       1.000041969446417    
    1.000828964366846      0.9997128365458475       1.000296218371775    
    1.000166062891052       1.000048031482505      0.9997919996053561    
    1.000073705988292       1.000448125864346       1.000106155710883    
   0.9997816584849698      0.8053008430553886      0.5731529089823727    
   0.9144529664863754      0.8581930973514831      0.9459722448264097    
   0.2335471379491795      8.8025427969659883E-02  0.0000000000000000E+00
   0.0000000000000000E+00  0.0000000000000000E+00  0.0000000000000000E+00
   0.0000000000000000E+00  0.0000000000000000E+00  0.0000000000000000E+00
   0.0000000000000000E+00  0.0000000000000000E+00  0.0000000000000000E+00
   0.0000000000000000E+00  0.0000000000000000E+00  0.0000000000000000E+00
   0.0000000000000000E+00  0.0000000000000000E+00  6.8688747685998067E-03
   3.6640293885449322E-02  0.3348092753259088      0.7952111967476676    
   0.7403253338157860      0.9447759151618528       1.000471536027122    
   0.9992806021793507       1.000289619918336       1.000226797194327    
   0.9994563516403807       1.000152797421262       1.000059141458476    
   0.9998263505057078      0.9994679141049225       1.000412182042476    
   0.9995951012148785       1.000561723250545      0.9995130077166341    
    1.000142776618659       1.000571358637663      0.6330468607226476    
   0.0000000000000000E+00  0.0000000000000000E+00  0.0000000000000000E+00
   0.0000000000000000E+00  0.0000000000000000E+00  0.0000000000000000E+00
   0.0000000000000000E+00  0.0000000000000000E+00  0.2607412837197364    
   0.8350966890144214      0.9998147880411664       1.000047578993935    
    1.000083808049498       1.000015589508703      0.9999731938053845    
    1.000306963615148       1.000196349371035      0.9999523813692099    
    1.000621848066161      0.9761680063919310      0.4384367075323372    
   1.5467403683723902E-02  3.1594797369344167E-02  4.2886641715011303E-03
   4.3572472147020425E-02  0.0000000000000000E+00  0.0000000000000000E+00
   0.0000000000000000E+00  0.0000000000000000E+00  0.0000000000000000E+00
   0.0000000000000000E+00  0.0000000000000000E+00  0.0000000000000000E+00
   0.0000000000000000E+00  0.0000000000000000E+00  0.0000000000000000E+00
   0.0000000000000000E+00  0.0000000000000000E+00  0.0000000000000000E+00
   0.0000000000000000E+00  0.0000000000000000E+00  0.0000000000000000E+00
   0.0000000000000000E+00  0.0000000000000000E+00  0.0000000000000000E+00
   6.3932189394223835E-02  0.7978228561178160      0.9990727855856734    
   0.9997658174490253       1.000516460763121       1.000244077212916    
   0.9994235376534334       1.000208917283418       1.000011513341901    
   0.9999882145934383       1.000782490109199      0.9996963448172467    
   0.9998263941950272       1.000041589908097       1.000276271847155    
   0.9998539290795736      0.9999267906202194       1.000388529453382    
   0.4601502821308873      0.0000000000000000E+00  0.0000000000000000E+00
   0.0000000000000000E+00  0.0000000000000000E+00  0.0000000000000000E+00
   0.0000000000000000E+00  0.0000000000000000E+00  0.0000000000000000E+00
   0.0000000000000000E+00  1.0264157731674476E-02  0.7146861437865116    
   0.9998611305109166       1.000026763431803       1.000181382398871    
    1.000910421418938       1.000519849671988      0.9989677294107886    
    1.000434279723090       1.000110215312659       1.000959136983905    
   0.9136015386584440      0.1472108794239795      0.2436230629610550    
   0.1787312248117371      0.0000000000000000E+00  0.0000000000000000E+00
   0.0000000000000000E+00  0.0000000000000000E+00  0.0000000000000000E+00
   0.0000000000000000E+00  0.0000000000000000E+00  0.0000000000000000E+00
   0.0000000000000000E+00  0.0000000000000000E+00  0.0000000000000000E+00
   0.0000000000000000E+00  0.0000000000000000E+00  0.0000000000000000E+00
   0.0000000000000000E+00  0.0000000000000000E+00  0.0000000000000000E+00
   0.0000000000000000E+00  0.0000000000000000E+00  0.0000000000000000E+00
   0.0000000000000000E+00  0.0000000000000000E+00  0.1980186029803143    
   0.9462869616995379       1.000152214349923      0.8712675038703928    
    1.000632106251243      0.9994760894236087       1.000515221689139    
   0.9995231283327480       1.000100899176317      0.9993710833739141    
    1.000164092862332       1.000513321127154      0.9999764123662714    
    1.000316137821166       1.000074766449017      0.9994718131591414    
   0.5305993702311163      2.1388924583959582E-02  0.0000000000000000E+00
   0.0000000000000000E+00  0.0000000000000000E+00  0.0000000000000000E+00
   0.0000000000000000E+00  0.0000000000000000E+00  0.0000000000000000E+00
   0.0000000000000000E+00  0.0000000000000000E+00  0.0000000000000000E+00
   3.1976005123762925E-02  0.8104138847996041       1.001130528631920    
    1.000087595242419      0.9997925329941817      0.9998367210603428    
   0.9999806886307387       1.000286203969896      0.9999127435397597    
    1.000091396366390      0.7837575526730424      0.9944874165837837    
   0.8997804737187500      0.5760929873033652      5.4363353283551942E-03
   0.0000000000000000E+00  0.0000000000000000E+00  0.0000000000000000E+00
   0.0000000000000000E+00  0.0000000000000000E+00  0.0000000000000000E+00
   0.0000000000000000E+00  0.0000000000000000E+00  0.0000000000000000E+00
   0.0000000000000000E+00  0.0000000000000000E+00  0.0000000000000000E+00
   0.0000000000000000E+00  0.0000000000000000E+00  0.0000000000000000E+00
   0.0000000000000000E+00  0.0000000000000000E+00  0.0000000000000000E+00
   0.0000000000000000E+00  0.0000000000000000E+00  0.0000000000000000E+00
   0.3633591202371814      0.8392432193462122      0.8401163791087971    
   0.2662049243368749      0.6788048970337764      0.8397932498541398    
   0.9304006611600860       1.000651476172628       1.000205328166197    
   0.9422738843312175      0.8390250660930678      0.4289461576825030    
   0.6787775595333824      0.8391639405950695      0.8218040810948577    
   0.3037119748774729      1.0194700646938646E-02  0.0000000000000000E+00
   0.0000000000000000E+00  0.0000000000000000E+00  0.0000000000000000E+00
   0.0000000000000000E+00  0.1803378355992521      0.5864916257032433    
   0.8576189403610659      0.4063522603568518      4.8556868199861689E-03
   0.1242784637912551      0.7338248970767928       1.000117301414928    
   0.9998991481617843      0.9911943412863198       1.000281873167300    
   0.9999117234119657      0.9999735061628560       1.000222824166449    
   0.9998914936616740      0.9998433796609806      0.9721220607614266    
   0.9998831599797766      0.7070569008634513      4.3504284022470398E-02
   0.0000000000000000E+00  0.0000000000000000E+00  0.0000000000000000E+00
   0.0000000000000000E+00  2.3412014594909668E-02  1.9794794223349263E-03
   0.0000000000000000E+00  0.0000000000000000E+00  0.0000000000000000E+00
   0.0000000000000000E+00  0.0000000000000000E+00  0.0000000000000000E+00
   0.0000000000000000E+00  0.0000000000000000E+00  0.0000000000000000E+00
   0.0000000000000000E+00  0.0000000000000000E+00  0.0000000000000000E+00
   0.0000000000000000E+00  0.0000000000000000E+00  0.0000000000000000E+00
   0.0000000000000000E+00  0.0000000000000000E+00  0.0000000000000000E+00
   0.0000000000000000E+00  0.0000000000000000E+00  0.0000000000000000E+00
   0.0000000000000000E+00  0.2221371677558170      0.6550794554991415    
   0.9238310528479372      0.6021360293841755      0.0000000000000000E+00
   0.0000000000000000E+00  0.0000000000000000E+00  0.0000000000000000E+00
   0.0000000000000000E+00  0.0000000000000000E+00  0.0000000000000000E+00
   0.0000000000000000E+00  0.0000000000000000E+00  0.0000000000000000E+00
   0.0000000000000000E+00  0.0000000000000000E+00  6.1117810391743917E-02
   0.5732073794376420      0.6952412117893890      0.9986756840414566    
   0.8319086110248952      0.9740633537429015      0.9998675376495774    
   0.9994105844912482      0.7414566210318611      5.7031269183779876E-02
   0.6230927344160970      0.9727295973021373       1.000687709985040    
   0.8767147558973064      0.4809184637853415      0.9918304996924681    
    1.000476808527350      0.9988476199388976       1.000599173498033    
   0.8486842404938174      0.3278618642141294      0.3903198397810225    
   0.3468678067355074      0.3850310103857876      0.8917286895480983    
   0.9190164784382646      0.7427156569365609      0.6215875522362793    
   0.5505532284945566      0.4014328084841312      1.5785134095638160E-02
   1.5047252498733361E-02  0.0000000000000000E+00  0.0000000000000000E+00
   0.0000000000000000E+00  0.0000000000000000E+00  0.0000000000000000E+00
   0.0000000000000000E+00  0.0000000000000000E+00  0.0000000000000000E+00
   0.0000000000000000E+00  0.0000000000000000E+00  0.0000000000000000E+00
   0.0000000000000000E+00  2.7426090843279578E-02  9.5346993558150395E-03
   1.5456463571768768E-02  0.3863668445446825      0.6513306075646579    
   0.7736383465709065      0.9426831967795628      0.8489811829225606    
   0.3292066473229316      0.3905403093651033      0.3472566792860262    
   0.3863351164495565      0.4881391841362994      0.3019839417048187    
   0.1717352299671614      8.4217754037028414E-02  3.1501930755620307E-02
   7.8946009000707470E-03  0.0000000000000000E+00  0.0000000000000000E+00
   0.0000000000000000E+00  0.0000000000000000E+00  3.7016110980339959E-04
   0.2765908895723055      0.3479945608829310      0.8715667054068726    
   0.9988370439071887      0.9392158854609208      0.3237925326289940    
   0.0000000000000000E+00  1.5780252850234159E-02  0.3881867355394742    
   0.8775275195860585      0.9922522438571917      0.9997376336842270    
    1.000099659385024       1.001160516719493       1.000804285633236    
   0.9983906477765735      0.9996842171101261       1.000612117014075    
   0.9891610635248667       1.000127852093789       1.001705830983700    
   0.9988804032288352       1.000593449205357       1.000251938116448    
    1.000471559395489       1.001400557405833      0.9982599731155439    
    1.001071125487271      0.7738663236807687      0.5287294444405509    
   0.5512131728823948      0.1371205455693794      0.0000000000000000E+00
   0.0000000000000000E+00  2.8124700994017329E-02  0.2292659475103045    
   0.5654116885724090      0.8211321172496224      0.6749961181756016    
   0.5655511480846002      0.5498800717186146      0.9991296733805470    
   0.9997281413659342       1.000585762460590      0.9995985648112999    
    1.000719731440805       1.000090516476352       1.000186051732735    
   0.9999949812199693      0.9988858937608114       1.000939352719846    
    1.000231074094939      0.9986541933114228       1.000326609351322    
   0.9995601310874677       1.002003417816801      0.9983346443504180    
    1.000950333783799      0.8667276909913681      0.4323552347716873    
   0.4664723023643441      0.5296518538125240      0.6283869922310809    
   0.7717678423595298      0.9577760846434824       1.000226681669358    
   0.9721360219735919      0.7702469650021694      0.4342626455801602    
   3.6327555766206512E-02  0.0000000000000000E+00  0.0000000000000000E+00
   0.0000000000000000E+00  0.0000000000000000E+00  0.2335661321539314    
    1.000550623055944      0.9998159898775509      0.9995184030444501    
   0.9984352005306802       1.001740188092797      0.9893700428369731    
   0.6993038431200367      0.3283536839318813      0.4488375280703943    
   0.8531836528162401      0.9997715874142734       1.002022885318173    
   0.9986939113248118      0.9996842082718845       1.000787584109108    
    1.000073131121341       1.000376388144925       1.000198203227113    
   0.9999960318780562      0.9985482794208304      0.9944637328432842    
   0.7537341955621802      0.7902415439155183      0.9733179803851980    
    1.002804157650119      0.9997595941986515       1.000150230364625    
    1.000724191397963      0.9985379995217258       1.001385531573690    
    1.002384395103350      0.9980222912499801      0.9990605610595411    
    1.002937796338479      0.9990382879448145      0.9983426814387392    
    1.000967482343438       1.000035438157957       1.002028025267725    
    1.000912656214880      0.9995282964687987      0.9997356077674074    
    1.000513453466319       1.000946922545229      0.9987692972515785    
    1.000388381360547       1.000528873314976      0.9989354889537689    
    1.000844123554183       1.000976048926025       1.001368398408516    
   0.7883483291637613      0.4973398053622399      0.4086585424202099    
   0.3203233694147001      0.2279910289740328      0.1555314468190032    
   7.2519548233139594E-02  1.5099458468085603E-02  0.0000000000000000E+00
   0.0000000000000000E+00  0.0000000000000000E+00  0.0000000000000000E+00
   0.2331138453611400       1.000561426328807      0.9999172193182547    
    1.001017168522443       1.000843218558667      0.9982490122142945    
    1.002865348771969       1.000418134211274       1.000366488449441    
   0.9976014538159288      0.9991905541800163       1.000815409302296    
   0.9991150719127223      0.9993057639564128       1.001093501866011    
    1.000660472016797      0.9983642219906910       1.000660472016797    
   0.9986184780489449       1.001824488033491       1.001395430935188    
   0.9964692198065166       1.001971479817169       1.000557180493132    
    1.001546395469776      0.9978437916214522      0.9990515078981588    
    1.001256384653330       1.001458994949751      0.9998103033220105    
    1.000513480233119       1.003632089697641      0.9943517435713700    
    1.004804051216155       1.001296112162432       1.000398270456723    
    1.000370461200351      0.9972876064940216       1.000068532131175    
   0.9993057639564127      0.9969380044139223      0.9997983850692798    
    1.001057747107819       1.000656499265887       1.002523692193690    
   0.9974385710286100       1.001474885953392      0.9982569577161149    
    1.001999289073541      0.9981933937015515       1.000934591829602    
    1.002821648511956      0.9996076930255894      0.9972637699885604    
   0.9956985061299342      0.9999652406075090      0.9982212029579229    
    1.000751845287732      0.9989084888653909      0.9970532141903188    
   0.9387610400846798      0.8658292788748847      0.8214655694604724    
   0.7925558610868109      0.8301738394556719       1.001447076697020    
    1.000660472016798       1.002178062864501    
