        1860   25.0000000000000     
        1861   25.0389194167577     
        1862   25.0778388335155     
        1863   25.1167582502732     
        1864   25.1556776670309     
        1865   25.1945970837887     
        1866   25.2335165005464     
        1867   25.2724359173041     
        1868   25.3113553340618     
        1869   25.3502747508196     
        1870   25.3891941675773     
        1871   25.4281135843350     
        1872   25.4670330010928     
        1873   25.5059524178505     
        1874   25.5448718346082     
        1875   25.5837912513660     
        1876   25.6227106681237     
        1877   25.6616300848814     
        1878   25.7005495016391     
        1879   25.7394689183969     
        1880   25.7783883351546     
        1881   25.8173077519123     
        1882   25.8562271686701     
        1883   25.8951465854278     
        1884   25.9340660021855     
        1885   25.9729854189433     
        1886   26.0119048357010     
        1887   26.0508242524587     
        1888   26.0897436692164     
        1889   26.1286630859742     
        1890   26.1675825027319     
        1891   26.2065019194896     
        1892   26.2454213362474     
        1893   26.2843407530051     
        1894   26.3232601697628     
        1895   26.3621795865206     
        1896   26.4010990032783     
        1897   26.4400184200360     
        1898   26.4789378367938     
        1899   26.5178572535515     
        1900   26.5567766703092     
        1901   26.5956960870669     
        1902   26.6346155038247     
        1903   26.6735349205824     
        1904   26.7124543373401     
        1905   26.7513737540979     
        1906   26.7902931708556     
        1907   26.8292125876133     
        1908   26.8681320043711     
        1909   26.9070514211288     
        1910   26.9459708378865     
        1911   26.9848902546442     
        1912   27.0238096714020     
        1913   27.0627290881597     
        1914   27.1016485049174     
        1915   27.1405679216752     
        1916   27.1794873384329     
        1917   27.2184067551906     
        1918   27.2573261719484     
        1919   27.2962455887061     
        1920   27.3351650054638     
        1921   27.3740844222216     
        1922   27.4130038389793     
        1923   27.4519232557370     
        1924   27.4908426724947     
        1925   27.5297620892525     
        1926   27.5686815060102     
        1927   27.6076009227679     
        1928   27.6465203395257     
        1929   27.6854397562834     
        1930   27.7243591730411     
        1931   27.7632785897989     
        1932   27.8021980065566     
        1933   27.8411174233143     
        1934   27.8800368400720     
        1935   27.9189562568298     
        1936   27.9578756735875     
        1937   27.9967950903452     
        1938   28.0357145071030     
        1939   28.0746339238607     
        1940   28.1135533406184     
        1941   28.1524727573762     
        1942   28.1913921741339     
        1943   28.2303115908916     
        1944   28.2692310076493     
        1945   28.3081504244071     
        1946   28.3470698411648     
        1947   28.3859892579225     
        1948   28.4249086746803     
        1949   28.4638280914380     
        1950   28.5027475081957     
        1951   28.5416669249535     
        1952   28.5805863417112     
        1953   28.6195057584689     
        1954   28.6584251752267     
        1955   28.6973445919844     
        1956   28.7362640087421     
        1957   28.7751834254998     
        1958   28.8141028422576     
        1959   28.8530222590153     
        1960   28.8919416757730     
        1961   28.9308610925308     
        1962   28.9697805092885     
        1963   29.0476193428040     
        1964   29.1904764175415     
        1965   29.3333334922791     
        1966   29.4761905670166     
        1967   29.6190476417542     
        1968   29.7619047164917     
        1969   29.8571428298950     
        1970   29.9523809432983     
        1971   30.0476190567017     
        1972   30.1428571701050     
        1973   30.2380952835083     
        1974   30.3809524536133     
        1975   30.5238096237183     
        1976   30.6666667938232     
        1977   30.8095239639282     
        1978   30.9523811340332     
        1979   31.0952383041382     
        1980   31.2380954742432     
        1981   31.3809526443481     
        1982   31.5238098144531     
        1983   31.6666669845581     
        1984   31.8095240592957     
        1985   31.9523811340332     
        1986   32.0952382087708     
        1987   32.2380952835083     
        1988   32.3809523582458     
        1989   32.5238096237183     
        1990   32.6666668891907     
        1991   32.8095241546631     
        1992   32.9523814201355     
        1993   33.0952386856079     
        1994   33.2244903019496     
        1995   33.3537419182914     
        1996   33.4829935346331     
        1997   33.6122451509748     
        1998   33.7414967673165     
        1999   33.8707483836583     
        2000   34.0000000000000     
2001  34.08
2002  34.16
2003  34.24
2004  34.32
2005  34.40
2006  34.48
2007  34.56
2008  34.64
2009  34.72
2010  34.80
2011  34.88
2012  34.96
2013  35.04
2014  35.12
2015  35.20
2016  35.28
2017  35.36
2018  35.44
2019  35.52
2020  35.60
2021  35.63
2022  35.66
2023  35.69
2024  35.72
2025  35.75
2026  35.78
2027  35.81
2028  35.84
2029  35.87
2030  35.90
2031  35.89
2032  35.88
2033  35.87
2034  35.86
2035  35.85
2036  35.84
2037  35.83
2038  35.82
2039  35.81
2040  35.80
2041  35.72
2042  35.64
2043  35.56
2044  35.48
2045  35.40
2046  35.32
2047  35.24
2048  35.16
2049  35.08
2050  35.00
2051  34.90
2052  34.80
2053  34.70
2054  34.60
2055  34.50
2056  34.40
2057  34.30
2058  34.20
2059  34.10
2060  34.00
2061  33.91
2062  33.82
2063  33.73
2064  33.64
2065  33.55
2066  33.46
2067  33.37
2068  33.28
2069  33.19
2070  33.10
2071  33.00
2072  32.90
2073  32.80
2074  32.70
2075  32.60
2076  32.50
2077  32.40
2078  32.30
2079  32.20
2080  32.10
2081  32.01
2082  31.92
2083  31.83
2084  31.74
2085  31.65
2086  31.56
2087  31.47
2088  31.38
2089  31.29
2090  31.20
2091  31.09
2092  30.98
2093  30.87
2094  30.76
2095  30.65
2096  30.54
2097  30.43
2098  30.32
2099  30.21
2100  30.10
