 reference cos(zenit angle)
 0.0000 0.0062 0.0980 0.1995 0.3125 0.3835 0.3573 0.2478 0.1539 0.0394 0.0000 0.0000
 0.0410 0.1222 0.2388 0.3400 0.3921 0.4084 0.4020 0.3720 0.2925 0.1798 0.0743 0.0266
 0.1872 0.2675 0.3710 0.4585 0.5097 0.5270 0.5212 0.4877 0.4175 0.3192 0.2226 0.1691
 0.3333 0.4024 0.4871 0.5530 0.5876 0.5981 0.5947 0.5732 0.5229 0.4454 0.3641 0.3174
 0.4605 0.5144 0.5748 0.6136 0.6264 0.6267 0.6271 0.6224 0.5973 0.5461 0.4849 0.4477
 0.5854 0.6108 0.6278 0.6206 0.5971 0.5804 0.5871 0.6102 0.6274 0.6219 0.5977 0.5784
 0.6274 0.6223 0.5947 0.5419 0.4840 0.4515 0.4639 0.5132 0.5713 0.6120 0.6267 0.6270
 0.6065 0.5862 0.5365 0.4623 0.3887 0.3494 0.3643 0.4251 0.5023 0.5653 0.5992 0.6093
 0.5435 0.5080 0.4358 0.3397 0.2510 0.2051 0.2224 0.2943 0.3903 0.4762 0.5298 0.5493
 0.3516 0.3183 0.2326 0.1144 0.0192 0.0004 0.0032 0.0614 0.1759 0.2832 0.3359 0.3678
 0.3561 0.2370 0.1270 0.0221 0.0000 0.0000 0.0000 0.0029 0.0706 0.1791 0.3015 0.3831
 0.0000 0.0057 0.0846 0.1935 0.3135 0.3846 0.3584 0.2482 0.1402 0.0330 0.0000 0.0000
 0.0279 0.0959 0.2139 0.3159 0.3663 0.3972 0.3840 0.3450 0.2684 0.1541 0.0524 0.0187
 0.1868 0.2671 0.3707 0.4582 0.5093 0.5266 0.5209 0.4874 0.4172 0.3189 0.2222 0.1687
 0.3391 0.4076 0.4914 0.5564 0.5902 0.6004 0.5971 0.5762 0.5268 0.4502 0.3696 0.3233
 0.4670 0.5199 0.5787 0.6159 0.6273 0.6270 0.6275 0.6239 0.6004 0.5509 0.4910 0.4544
 0.5868 0.6117 0.6280 0.6200 0.5959 0.5789 0.5856 0.6093 0.6272 0.6225 0.5989 0.5800
 0.6272 0.6219 0.5939 0.5409 0.4827 0.4501 0.4626 0.5120 0.5704 0.6115 0.6264 0.6268
 0.5951 0.5710 0.5158 0.4362 0.3590 0.3180 0.3335 0.3971 0.4788 0.5474 0.5862 0.5987
 0.5202 0.4826 0.4062 0.3059 0.2143 0.1674 0.1850 0.2589 0.3586 0.4489 0.5058 0.5263
 0.4051 0.3690 0.2822 0.1679 0.0694 0.0282 0.0425 0.1160 0.2274 0.3316 0.3919 0.4115
 0.3524 0.2485 0.1646 0.0438 0.0000 0.0000 0.0000 0.0081 0.1063 0.2115 0.2983 0.3791
 0.0011 0.0407 0.1566 0.2584 0.3206 0.3745 0.3516 0.2880 0.2127 0.0947 0.0106 0.0000
 0.3002 0.3726 0.4624 0.5343 0.5737 0.5865 0.5822 0.5571 0.5012 0.4180 0.3324 0.2837
 0.3653 0.4312 0.5106 0.5707 0.6006 0.6090 0.6063 0.5885 0.5436 0.4718 0.3947 0.3500
 0.6290 0.6274 0.6048 0.5571 0.5029 0.4720 0.4838 0.5304 0.5840 0.6196 0.6298 0.6278
 0.3530 0.2558 0.1542 0.0456 0.0019 0.0000 0.0001 0.0147 0.0979 0.2072 0.3053 0.3792
