   -1370.000000076491      -1370.000000076491      -1370.000000076487    
   -1370.000000076487      -1370.000000076573      -1370.000000076459    
   -1370.000000076516      -1370.000000076431      -1370.000000076487    
   -1370.000000076491      -1370.000000076491      -1370.000000076491    
   -1370.000000076658      -1370.000000076573      -1370.000000076658    
   -1370.000000076118      -1370.000000076743      -1370.000000075891    
   -1370.000000076004      -1370.000000076203      -1370.000000076601    
   -1370.000000076658      -1370.000000076395      -1370.000000076494    
   -1370.000000076288      -1370.000000077454      -1370.000000074896    
   -1370.000000076288      -1370.000000077596      -1370.000000076232    
   -1370.000000079472      -1370.000000077368      -1370.000000078676    
   -1370.000000077141      -1370.000000076402      -1370.000000074896    
   -1370.000000076118      -1370.000000076800      -1370.000000076004    
   -1370.000000076914      -1370.000000077368      -1370.000000075947    
   -1370.000000074015      -1370.000000076857      -1370.000000075891    
   -1370.000000075606      -1370.000000076828      -1370.000000076601    
   -1370.000000075379      -1370.000000075322      -1370.000000075436    
   -1370.000000077539      -1370.000000074697      -1370.000000077880    
   -1370.000000077425      -1370.000000076857      -1370.000000077141    
   -1370.000000076629      -1370.000000076402      -1370.000000076232    
   -1370.000000076061      -1370.000000076800      -1370.000000078221    
   -1370.000000076743      -1370.000000076629      -1370.000000075265    
   -1370.000000076402      -1370.000000077766      -1370.000000076629    
   -1370.000000076288      -1370.000000075152      -1370.000000077482    
   -1370.000000076743      -1370.000000076516      -1370.000000075436    
   -1370.000000076800      -1370.000000077823      -1370.000000076288    
   -1370.000000076459      -1370.000000076118      -1370.000000077141    
   -1370.000000076857      -1370.000000078051      -1370.000000076573    
   -1370.000000077027      -1370.000000075777      -1370.000000076971    
   -1370.000000075891      -1370.000000076573      -1370.000000076715    
   -1370.000000076544      -1370.000000076004      -1370.000000075834    
   -1370.000000076175      -1370.000000077027      -1370.000000076971    
   -1370.000000076516      -1370.000000076516      -1370.000000076516    
   -1370.000000076516      -1370.000000076487      -1370.000000076516    
   -1370.000000076459      -1370.000000076487      -1370.000000076459    
   -1370.000000076459      -1370.000000076402      -1370.000000076516    
   -1370.000000076374      -1370.000000076374      -1370.000000076431    
   -1370.000000076431      -1370.000000076496      -1370.000000076490    
   -1370.000000076490      -1370.000000076523      -1370.000000076459    
   -1370.000000076459      -1370.000000076431      -1370.000000076601    
   -1370.000000076715      -1370.000000076374      -1370.000000076516    
   -1370.000000076507      -1370.000000076491      -1370.000000076491    
   -1370.000000076491      -1370.000000076488      -1370.000000076573    
   -1370.000000076544      -1370.000000076772      -1370.000000076573    
   -1370.000000076491      -1370.000000076489      -1370.000000076431    
   -1370.000000076544      -1370.000000076288      -1370.000000076232    
   -1370.000000076487      -1370.000000076431      -1370.000000076487    
   -1370.000000076484      -1370.000000076491      -1370.000000076491    
   -1370.000000076558      -1370.000000076530      -1370.000000076260    
   -1370.000000076800      -1370.000000076971      -1370.000000076345    
   -1370.000000075493      -1370.000000076544      -1370.000000076345    
   -1370.000000076658      -1370.000000076501      -1370.000000076523    
   -1370.000000076914      -1370.000000076516      -1370.000000076743    
   -1370.000000078676      -1370.000000076573      -1370.000000074697    
   -1370.000000077027      -1370.000000074072      -1370.000000075606    
   -1370.000000076715      -1370.000000076175      -1370.000000076132    
   -1370.000000076516      -1370.000000076118      -1370.000000079813    
   -1370.000000080324      -1370.000000078392      -1370.000000075891    
   -1370.000000078278      -1370.000000073105      -1370.000000076459    
   -1370.000000076573      -1370.000000077482      -1370.000000077027    
   -1370.000000075891      -1370.000000080211      -1370.000000072139    
   -1370.000000077994      -1370.000000074015      -1370.000000077027    
   -1370.000000077994      -1370.000000080211      -1370.000000075095    
   -1370.000000079870      -1370.000000080097      -1370.000000077937    
   -1370.000000070434      -1370.000000091750      -1370.000000071229    
   -1370.000000074128      -1370.000000070434      -1370.000000079358    
   -1370.000000075038      -1370.000000070149      -1370.000000078903    
   -1370.000000062362      -1370.000000076175      -1370.000000081120    
   -1370.000000084076      -1370.000000082996      -1370.000000072196    
   -1370.000000074697      -1370.000000075947      -1370.000000077425    
   -1370.000000073787      -1370.000000081006      -1370.000000070263    
   -1370.000000077937      -1370.000000083735      -1370.000000077198    
   -1370.000000072821      -1370.000000076345      -1370.000000072991    
   -1370.000000075777      -1370.000000076828      -1370.000000076857    
   -1370.000000079216      -1370.000000074924      -1370.000000077084    
   -1370.000000082428      -1370.000000072991      -1370.000000078505    
   -1370.000000074299      -1370.000000073333      -1370.000000072309    
   -1370.000000075947      -1370.000000076971      -1370.000000076729    
   -1370.000000076544      -1370.000000075862      -1370.000000077823    
   -1370.000000074867      -1370.000000074469      -1370.000000079756    
   -1370.000000073446      -1370.000000077283      -1370.000000075777    
   -1370.000000076075      -1370.000000076359      -1370.000000076473    
   -1370.000000076384      -1370.000000076246      -1370.000000077539    
   -1370.000000076686      -1370.000000077766      -1370.000000073389    
   -1370.000000076459      -1370.000000076487      -1370.000000076473    
   -1370.000000076484      -1370.000000076491      -1370.000000076491    
   -1370.000000076491      -1370.000000076493      -1370.000000076487    
   -1370.000000076459      -1370.000000076487      -1370.000000076573    
   -1370.000000076491      -1370.000000076491      -1370.000000076487    
   -1370.000000076516      -1370.000000076516      -1370.000000076544    
   -1370.000000076487      -1370.000000076487      -1370.000000076459    
   -1370.000000076516      -1370.000000076488      -1370.000000076490    
   -1370.000000076431      -1370.000000076544      -1370.000000076402    
   -1370.000000076516      -1370.000000076459      -1370.000000076516    
   -1370.000000076516      -1370.000000076402      -1370.000000076573    
   -1370.000000076345      -1370.000000076487      -1370.000000076487    
   -1370.000000076885      -1370.000000076800      -1370.000000076061    
   -1370.000000076573      -1370.000000076686      -1370.000000076800    
   -1370.000000076402      -1370.000000076743      -1370.000000076459    
   -1370.000000076743      -1370.000000076516      -1370.000000076317    
   -1370.000000076459      -1370.000000076573      -1370.000000076402    
   -1370.000000076516      -1370.000000076516      -1370.000000076459    
   -1370.000000076459      -1370.000000076573      -1370.000000076459    
   -1370.000000076516      -1370.000000076516      -1370.000000076402    
   -1370.000000076260      -1370.000000076487      -1370.000000076601    
   -1370.000000076480      -1370.000000076490      -1370.000000076490    
   -1370.000000076491      -1370.000000076493      -1370.000000076431    
   -1370.000000076459      -1370.000000076402      -1370.000000076629    
   -896.8691228679498      -919.5859503956250      -1314.874898668542    
   -1356.494745155302      -1370.864525457534      -1372.620801400245    
   -1367.012541210471      -1356.822683285202      -1342.217691537599    
   -1185.730060932919      -892.9564915275234      -892.4078210925173    
   -1194.229402102430      -1328.429013913023      -1359.324687982252    
   -1367.084613842906      -1365.288132479179      -1357.514627437183    
   -1356.684594333046      -1355.031001196494      -1350.981336976133    
   -1339.817551000195      -1282.976490872997      -1097.179804726325    
   -1347.005811549607      -1357.945042241397      -1362.841206460246    
   -1358.620694838692      -1358.792600276956      -1358.695097305429    
   -1358.768913508129      -1357.658006178497      -1355.835811202780    
   -1351.075617105323      -1346.098001498518      -1338.848244977001    
   -1353.377651592155      -1356.811458995082      -1357.987276685776    
   -1359.240137639176      -1360.338049827874      -1360.706973296772    
   -1360.627683089490      -1359.936030809308      -1359.278339629554    
   -1356.851694378861      -1353.448180591187      -1352.018050239849    
   -1358.833153581600      -1360.532399453973      -1361.383845532146    
   -1362.589115119647      -1362.910321931906      -1362.955783811117    
   -1362.560810224522      -1362.289822476612      -1362.179102061816    
   -1361.168234967295      -1359.452122091341      -1358.552310306607    
   -1357.503879482181      -1358.294819768957      -1358.551797217046    
   -1358.608033611802      -1358.126169091292      -1357.923186316839    
   -1357.836989040550      -1358.447139072496      -1358.719307149158    
   -1358.757946819537      -1358.007001499857      -1357.543126355722    
   -1359.372827301513      -1359.159540637506      -1359.180206309986    
   -1358.008326413369      -1356.782130710258      -1356.022045482348    
   -1356.415228441278      -1357.955443149592      -1358.828738148134    
   -1359.692932878829      -1359.776776307342      -1359.580401083747    
   -1359.024481149902      -1358.173096255257      -1357.521150867626    
   -1355.489915973806      -1353.041010744334      -1351.541262721923    
   -1352.386727525044      -1355.015948128028      -1356.415012151501    
   -1357.856831107199      -1358.812728349392      -1359.001201951060    
   -1358.195802258194      -1356.772997661608      -1354.641034537622    
   -1350.482691347935      -1343.377653251565      -1337.822499468672    
   -1341.258611544674      -1348.580977072800      -1353.133253791782    
   -1355.763805505717      -1357.738814923948      -1358.100545686511    
   -1371.627359921035      -1369.514017345210      -1360.463639877423    
   -1322.697307239437      -1027.128519861241      -895.7122736467587    
   -907.2761439034075      -1265.198186149398      -1354.065660503110    
   -1368.382846065714      -1371.392447014557      -1372.844532043786    
   -1377.024937489438      -1365.574658737643      -1334.693835278756    
   -1060.064747265994      -896.1020863844448      -896.8810010061661    
   -902.0205635053275      -914.8879243371615      -1286.927266354127    
   -1354.723067402887      -1372.283758348999      -1378.153432130915    
   -902.7656472528520      -922.1753224086719      -1300.776828703981    
   -1351.800847793044      -1366.713349650098      -1368.944801630903    
   -1363.886793786349      -1355.295445131361      -1333.752372432073    
   -1150.301761838939      -899.1023578189461      -898.5137978162668    
   -1113.968554835353      -1307.956833661059      -1349.932128700118    
   -1358.474592041489      -1359.657060426542      -1356.546868030364    
   -1354.997863922591      -1352.805880156325      -1347.970245714293    
   -1330.342032921379      -1233.286065722073      -1026.280497536193    
   -1337.672400314290      -1347.862456106668      -1353.582609631673    
   -1355.183142419207      -1356.178203034801      -1356.372074128274    
   -1356.265575368980      -1355.497623115753      -1353.619076418227    
   -1349.946928591180      -1341.731518617905      -1332.677265856560    
   -1350.564981993472      -1353.095198604876      -1354.732991682624    
   -1355.695094119937      -1356.321631552930      -1356.636273089862    
   -1356.509384145454      -1356.011590527828      -1355.154438187924    
   -1353.734601589451      -1351.403098063855      -1349.580869328037    
   -1353.312980928536      -1354.406577295549      -1355.284955425077    
   -1355.899094129882      -1356.073335498309      -1356.067990021018    
   -1355.967128107181      -1355.900596155436      -1355.614507760379    
   -1354.927552066385      -1353.839990943527      -1353.118001748101    
   -1354.754980415578      -1355.265038840685      -1355.542524476277    
   -1355.544975059388      -1355.249934618428      -1354.987524068008    
   -1355.019317803851      -1355.399424431425      -1355.774097965082    
   -1355.792804642476      -1355.297952879994      -1354.788962944838    
   -1355.665259080240      -1355.635471438632      -1355.158871711865    
   -1354.394596478357      -1353.501162098837      -1352.926695026724    
   -1353.243404954526      -1354.216944819882      -1355.164656761303    
   -1355.746266054609      -1355.880865142467      -1355.796232638681    
   -1356.135955392688      -1355.491172284758      -1354.288118036436    
   -1352.668296423872      -1350.338298847817      -1348.373563817745    
   -1349.443778745439      -1352.100905285027      -1353.981751068318    
   -1355.065427540637      -1355.874796998989      -1356.217275075210    
   -1355.977701115421      -1354.884656675608      -1352.354351902761    
   -1347.951772764475      -1338.963170330004      -1330.209203467930    
   -1334.631592140184      -1344.999938450542      -1351.430388191005    
   -1353.880764635960      -1355.503383158293      -1355.981572834366    
   -1355.417006294601      -1353.394535850157      -1348.165948625024    
   -1333.597915581549      -1270.970857862011      -1112.749264424952    
   -1202.327964309315      -1322.385934071846      -1354.537513197414    
   -1357.786913435802      -1358.752801471582      -1356.455630790890    
   -1356.422676140284      -1348.112302325575      -1335.513010981259    
   -1208.766372435559      -903.0844195186697      -904.7787918727697    
   -910.0920991180210      -949.5182822472702      -1324.231627334072    
   -1351.991299605572      -1355.272423408394      -1357.672941982997    
   -876.5984678643439      -1179.983734172311      -1345.382450213208    
   -1370.464621323379      -1377.156664466781      -1380.606560123908    
   -1378.914550696351      -1372.770433805783      -1361.848095475580    
   -1305.742306472297      -924.0920707209339      -872.9616555920079    
   -1353.097071680338      -1357.484807387891      -1357.884651758070    
   -1358.912228067879      -1360.136492888103      -1360.503872318759    
   -1360.331566102673      -1359.368057523227      -1358.519973431214    
   -1355.451260030179      -1351.212410493901      -1350.177147866361    
   -1356.739155073996      -1361.154995322636      -1362.038618226620    
   -1361.534895723878      -1362.657933843821      -1362.362265738852    
   -1362.248840321286      -1361.134174763606      -1360.614931194448    
   -1358.334747787467      -1356.433391887919      -1355.358034967082    
   -1359.916865663763      -1359.663640578276      -1359.757852561984    
   -1358.437755374268      -1357.290022980521      -1356.567834649354    
   -1356.825838552766      -1358.630612304978      -1359.620118615737    
   -1360.707478424501      -1360.752176512847      -1360.153988282661    
   -1382.648664590675      -1372.523287310855      -1345.396839554027    
   -1196.705451198536      -867.6781222941878      -868.7620135369206    
   -874.6090410263273      -971.5634166892935      -1310.155844667562    
   -1363.040289619761      -1378.723266458138      -1384.296083202599    
   -597.0937609702549      -622.4237130322898      -1214.762103434751    
   -1314.184975938900      -1349.029509789005      -1349.281060376569    
   -1330.074116631693      -1301.943591649632      -1265.076974752475    
   -969.2720333947715      -593.6704232904083      -595.0182269116742    
   -978.8943501162386      -1236.459874610730      -1319.612316865488    
   -1341.612639094336      -1334.538857530788      -1310.357426267416    
   -1303.111718125081      -1299.828946252262      -1292.227393127234    
   -1262.008464553929      -1134.333285741221      -837.6315903292112    
   -1281.138497701875      -1315.513012401567      -1332.256353283412    
   -1323.065459911732      -1319.619395298048      -1313.778641690874    
   -1309.848579954462      -1307.474497320300      -1305.489354954858    
   -1293.907609987826      -1279.706095337886      -1259.997636275017    
   -1305.343399614486      -1316.824962663617      -1321.049667201123    
   -1323.216509899396      -1322.023712201940      -1319.451190951213    
   -1316.172863569022      -1314.844693171267      -1315.842313616088    
   -1310.958143089920      -1302.618652791153      -1299.317833180680    
   -1318.911856955140      -1325.057777605366      -1327.233984714326    
   -1329.644647858572      -1327.643441781106      -1324.293537942253    
   -1319.614399458885      -1318.672926660099      -1321.108647953338    
   -1321.609454706731      -1318.631621474026      -1316.720220266859    
   -1306.445317216401      -1309.321895015671      -1309.651116202076    
   -1309.217581675284      -1306.899984904476      -1306.392195850776    
   -1306.543168494727      -1308.003929025972      -1308.605898569226    
   -1308.007433774208      -1306.451208890564      -1305.652502681255    
   -1314.502397430999      -1312.946103956790      -1314.538541108107    
   -1313.749843533799      -1312.715277480720      -1314.290936060672    
   -1318.840972224052      -1324.574444231246      -1325.950138060932    
   -1323.633095843377      -1320.386194481898      -1316.959698438495    
   -1319.792247661667      -1316.901608768603      -1314.839794700845    
   -1309.799198141832      -1303.000726311751      -1300.402094356855    
   -1304.586489193213      -1313.951414248720      -1318.938872485774    
   -1321.643466362559      -1322.337423188912      -1320.497887738043    
   -1315.667404120916      -1310.782355375295      -1304.597538087933    
   -1294.102100456740      -1276.065796704984      -1262.331974735346    
   -1270.504550285267      -1294.166636971283      -1309.388813785262    
   -1318.469470749221      -1319.803159804735      -1318.764467187520    
   -1351.422539704373      -1345.882519225796      -1322.453256317829    
   -1228.940919098541      -756.8507135342344      -598.5937428017081    
   -610.3817736847864      -1113.892157369389      -1312.237612964324    
   -1352.990646285122      -1359.055413393776      -1358.359319263258    
   -1366.521224397275      -1332.857777874239      -1254.717840439852    
   -796.1404614120697      -601.0286447090250      -602.0357986114749    
   -608.4288825896798      -623.4210011829211      -1160.442977015521    
   -1314.099932535669      -1359.864548320559      -1373.409627685987    
   -601.1026511901948      -621.6455184535545      -1180.318899470308    
   -1301.790956403096      -1338.754588801777      -1340.356268069030    
   -1322.207308487720      -1298.367461852507      -1244.617920630333    
   -914.3020780740692      -599.4010741950395      -598.9181730416134    
   -857.2734845753640      -1187.605062795924      -1296.382734003472    
   -1321.827619518047      -1322.575039240945      -1311.004235091502    
   -1302.024985959775      -1296.662892188351      -1285.535337925097    
   -1238.851049045181      -1039.188739961883      -742.9623928947331    
   -1256.112885477762      -1287.989507383656      -1307.692443841262    
   -1313.537537268473      -1313.243298110876      -1309.488025446171    
   -1304.467986772295      -1300.745077389195      -1297.363408172544    
   -1288.069944307637      -1265.914582972272      -1241.670640213428    
   -1292.234733018802      -1302.671065570962      -1309.257129488913    
   -1311.485715834920      -1309.989705997566      -1306.698155133915    
   -1305.437725153638      -1303.747518424245      -1301.060310404580    
   -1296.859451139085      -1291.252523334407      -1287.168337032199    
   -1301.257693341938      -1306.060723229564      -1309.726872568660    
   -1309.969311718021      -1307.820682573606      -1305.425176435278    
   -1304.138505415892      -1302.623891575649      -1302.393786533401    
   -1300.606141571791      -1297.759594461070      -1297.970756765153    
   -1300.035942504451      -1302.152680849588      -1302.978810236596    
   -1302.256643154351      -1300.239810884705      -1299.023776952140    
   -1300.206326905936      -1302.020648752318      -1303.782822641267    
   -1303.658255990342      -1301.547895854924      -1299.714628128982    
   -1306.197045914928      -1304.585623861271      -1303.379848172199    
   -1301.452051944466      -1299.270049404470      -1300.548253698764    
   -1304.627131132520      -1309.924216155821      -1313.249941662434    
   -1312.606127664424      -1310.411029568684      -1307.853560448564    
   -1309.226760132560      -1306.388440792432      -1302.853613685727    
   -1298.864696043893      -1292.362744139325      -1287.917103216955    
   -1292.779947631459      -1303.129767041725      -1310.348016216096    
   -1313.443869555556      -1313.181835742967      -1311.303427793973    
   -1311.941017090987      -1307.320483170315      -1299.832485143497    
   -1287.502000358842      -1263.787531451641      -1241.890485434553    
   -1254.629099879551      -1285.531979624864      -1306.248651524385    
   -1314.411413225287      -1315.739921836041      -1314.747376324362    
   -1313.863648371836      -1307.595259511061      -1292.549657629905    
   -1252.637258312475      -1113.108999777172      -858.4657839360705    
   -992.4109579665163      -1227.285032949510      -1311.078890433407    
   -1326.183830291654      -1327.522373576016      -1319.479852181814    
   -1320.720024684249      -1295.777634214375      -1263.052358388649    
   -1011.916556729897      -610.8178331485688      -613.3448231504537    
   -618.0436154959148      -665.3448733560250      -1240.686029060299    
   -1312.072224940962      -1322.669974892847      -1326.837102534483    
   -533.8943231030574      -920.7464046621271      -1267.616897109107    
   -1338.290355478705      -1360.132670648909      -1361.213372829269    
   -1353.302023161859      -1337.373715214000      -1309.653227399295    
   -1163.142452740445      -591.8868136097130      -538.9415953749609    
   -1295.270224750823      -1311.858362649758      -1316.198513378708    
   -1322.887575622360      -1321.827766552701      -1318.730652419106    
   -1312.135571012675      -1306.338087376560      -1307.664630463535    
   -1303.907400351619      -1293.742552919582      -1286.654780669664    
   -1311.887700093109      -1324.781042950235      -1325.927480102735    
   -1322.591509429287      -1319.815280660691      -1309.874171196384    
   -1305.354068245208      -1303.615178875646      -1305.832458291832    
   -1308.796925577781      -1309.268318832892      -1307.401820323179    
   -1308.166481702756      -1315.016553759619      -1313.773028353694    
   -1310.477876358675      -1318.895539898620      -1315.422102964931    
   -1318.421450749781      -1322.543816143252      -1315.849510590056    
   -1313.827458860999      -1314.808406250393      -1313.489065717931    
   -1381.252875578497      -1352.042962216046      -1286.192541477916    
   -984.4660314462317      -547.7553841205477      -548.4580656664101    
   -548.7318176086635      -662.3652981250548      -1200.726592985440    
   -1333.723699651458      -1373.612029750234      -1384.710801225140    
   -277.9515806998882      -300.6833383371367      -1006.609868070079    
   -1212.099480651957      -1292.304661006369      -1294.142308959209    
   -1250.187449727576      -1181.106759912737      -1097.816934521461    
   -632.0727223587994      -278.0868089489093      -276.7544519768922    
   -631.3358336020709      -1033.370739871423      -1218.091753756724    
   -1274.816037186469      -1258.453112654621      -1202.770252323432    
   -1185.991260415022      -1178.295451483024      -1159.320446603402    
   -1089.539485050139      -847.6373895158354      -480.2434801067630    
   -1135.136319617828      -1216.698790822065      -1257.994296318174    
   -1239.147076784008      -1230.041996894329      -1215.942638099023    
   -1207.129798150561      -1201.470094413963      -1198.346321246788    
   -1171.857524062716      -1136.964195745762      -1090.827094173221    
   -1205.305923703463      -1231.955887140231      -1242.241650581633    
   -1247.211804921847      -1244.812657119326      -1237.453431168774    
   -1229.072084238453      -1225.568424593575      -1227.636756463596    
   -1217.182426048652      -1198.618016293779      -1191.270463460626    
   -1237.755379612253      -1251.867562820507      -1257.384258705997    
   -1260.358748926990      -1254.266864875376      -1246.870991082574    
   -1238.660443392462      -1235.180195036094      -1237.297864323580    
   -1235.945312779734      -1230.941266366074      -1230.465522712137    
   -1206.819402533029      -1212.876729680374      -1212.928940196605    
   -1209.394135009063      -1203.763873195157      -1203.174490994627    
   -1204.635391474085      -1209.305071670769      -1211.478937040965    
   -1210.371131263344      -1205.809282193343      -1203.870864682870    
   -1220.867481812604      -1218.014684831246      -1218.982361069266    
   -1214.540028185922      -1210.790122705248      -1211.530506944285    
   -1220.158129609388      -1232.224257402436      -1236.748008216296    
   -1235.644620428957      -1230.943037852740      -1224.227458655321    
   -1229.009660903898      -1222.242747505106      -1217.474112087132    
   -1206.110628138134      -1189.610199958224      -1180.785925411328    
   -1191.037438826640      -1212.663944096107      -1227.143645739261    
   -1236.018849203845      -1237.306243638614      -1231.991509763361    
   -1224.238172183448      -1213.606885880580      -1197.827611292666    
   -1165.579682041226      -1115.389020804116      -1081.775009808808    
   -1103.064580125917      -1156.938249927776      -1197.664602344048    
   -1221.762887903793      -1229.139703590192      -1228.778885002384    
   -1296.817540024819      -1293.189779567115      -1246.422526051887    
   -1054.944745714231      -431.6186299796918      -289.0955522566690    
   -297.0788392782939      -845.3533945673790      -1207.240374794281    
   -1300.630552192445      -1310.483614833601      -1308.432666847892    
   -1325.852353332181      -1258.985255346005      -1101.057435313940    
   -468.0225266374287      -293.2825966725300      -289.5038141372714    
   -293.4380116333380      -307.9482211459986      -915.5939993941047    
   -1208.718714246999      -1306.508265678417      -1337.916956682875    
   -261.1212720366282      -278.9812897009937      -908.5452480479859    
   -1166.125967887552      -1257.104788362057      -1263.669682096776    
   -1221.108587998373      -1153.450477231487      -1024.994487572691    
   -537.6557515725002      -261.1667263684620      -260.2171702027198    
   -475.6538354873694      -910.3734926330062      -1149.124371385341    
   -1220.514842146457      -1223.963611498846      -1198.364775586271    
   -1176.223556926686      -1160.757375314631      -1129.941013356344    
   -1018.758199726264      -680.9561709889458      -371.7368021712595    
   -1056.221898406562      -1134.456758278930      -1189.033053093425    
   -1209.786292832405      -1211.539588259342      -1203.642138065845    
   -1192.440305909599      -1183.521557679398      -1172.838689085154    
   -1144.212680487186      -1085.363377665331      -1026.454364892743    
   -1153.538915919199      -1180.060945656919      -1200.202053170699    
   -1209.170661911230      -1207.814091601904      -1200.694080852998    
   -1194.830656544582      -1190.070620368431      -1184.266262164329    
   -1173.288054969021      -1155.814246161896      -1142.384014634303    
   -1175.356103961775      -1187.940191275572      -1198.273768586546    
   -1201.422466854126      -1198.575410883336      -1193.789790252424    
   -1191.664386391096      -1189.170598990984      -1186.421586718666    
   -1180.824692561373      -1172.563846807606      -1168.903505413340    
   -1181.110853990901      -1186.093085874916      -1188.203759110252    
   -1185.666422749648      -1180.545387010113      -1177.813967892575    
   -1180.253145802794      -1184.717431075001      -1188.350260506070    
   -1187.716743538999      -1183.015765818595      -1179.417109641122    
   -1196.667329331603      -1193.901325075217      -1189.869448254683    
   -1183.294450402343      -1175.398147837456      -1171.519990579725    
   -1177.654408875298      -1189.681148562698      -1200.698584633869    
   -1205.001660620326      -1203.483398566163      -1199.825348092531    
   -1205.005952578972      -1198.926773449557      -1189.047422334056    
   -1174.685093939672      -1153.589534080510      -1138.662643752639    
   -1149.198106672429      -1175.208352964319      -1197.047042211267    
   -1209.454129593837      -1212.238621597749      -1209.416728210158    
   -1208.628278878564      -1199.148155678074      -1178.877573330169    
   -1139.962395440875      -1074.550781018274      -1019.743951221493    
   -1046.187609680672      -1120.188016722821      -1177.437399979425    
   -1204.460999219208      -1213.693573306870      -1214.006542839911    
   -1202.542128572446      -1188.428413863079      -1149.165084526871    
   -1047.533008862644      -782.7936255166641      -472.4681344036323    
   -615.2456648380972      -978.6798207745945      -1174.200431642745    
   -1222.797685305011      -1227.932064817168      -1212.240878133429    
   -1209.951144887697      -1157.385265994677      -1089.682347600558    
   -669.9775639678869      -274.8282290641944      -272.3076212229375    
   -275.4112384486717      -315.8721161092162      -1030.114744310751    
   -1190.356387135566      -1208.885261454100      -1221.746822470095    
   -325.5460572487723      -723.4919296654584      -1204.116280406765    
   -1314.050959565805      -1345.732510119205      -1351.812010017653    
   -1337.753895676002      -1308.697220286319      -1269.616241567149    
   -1038.785695937570      -379.2493196667741      -329.5702514831686    
   -1222.281368277919      -1253.581399687192      -1260.069351969491    
   -1273.199610333108      -1266.999661400064      -1264.937106377147    
   -1252.206997644294      -1241.988690351036      -1241.944479155904    
   -1241.811409820627      -1219.825398163835      -1205.521475151016    
   -1276.008003216759      -1297.863504078009      -1300.535508219127    
   -1295.836721949456      -1291.817611346801      -1276.953858177762    
   -1268.384775770187      -1264.920409935826      -1269.202925417062    
   -1273.783118860621      -1272.847438156873      -1270.681171463139    
   -1244.704929987677      -1248.808474711382      -1248.937137450298    
   -1247.253513760484      -1251.937971376890      -1249.004335188943    
   -1255.640030544981      -1263.625128874594      -1261.844860436497    
   -1260.869058383207      -1257.227539871280      -1251.354963447170    
   -1375.371759506436      -1337.793159439002      -1240.991125022518    
   -835.9839579096455      -367.6938909606860      -367.9771283044349    
   -367.2316483661991      -484.5493975638511      -1120.383677767649    
   -1310.662944809096      -1364.542749639497      -1379.913172686230    
    470.5882132314675       695.3240188080302       952.3633419757899    
    879.2862138923994       819.9928677522905       712.0623161710569    
    572.6065004836016       555.6784817690641       769.4774867200920    
    811.3968143296617       669.9110925915062       474.9659698641721    
    733.8093273174877       771.1422792204132       742.1660947880611    
    677.9760444876075       504.2212081998798       205.9173899836253    
    183.8734619163134       176.4467736216844       223.1146394484327    
    422.7774085999556       705.0894811603498       668.6389420174645    
    622.3811837801208       564.9272080000856       474.9909594677177    
    226.5807142283194       175.3976709902219       151.6102208120245    
    157.1798201275598       151.9046058785136       172.7670731248097    
    168.8906887757469       365.9712263612818       506.1011251002512    
    240.2508502216705       240.3976645192927       195.1649524781089    
    190.0551815212594       196.6978459676483       195.2519860945898    
    196.9788712356006       195.3522522815234       214.6935958375877    
    200.9186907223537       195.8336356247372       235.3024297047313    
    283.4595512523919       287.5418038465227       270.1878862706764    
    281.3999131748091       281.2117008943460       282.0751517203206    
    271.9923295387474       266.4973104066206       278.0874434556750    
    280.3108807254802       277.1903671307427       283.3925442938323    
    155.1262713224304       158.5319332676534       154.2312644788240    
    155.6852187938915       153.2884042718194       159.4893359735323    
    154.5080966432693       157.8373151979093       151.5186036862843    
    153.3747504111034       150.2682426634294       156.3931082397829    
    178.2775414589395       172.2903454764833       193.2858663288783    
    190.2816066866109       193.2942053111617       196.7697019292061    
    195.9892517860169       202.1874717974868       188.1045379894317    
    189.7141009239505       185.1695267632749       180.7298772610864    
    156.6021547745891       148.7784467115745       169.5616291855941    
    163.0870549271606       161.3102381209899       175.5427920260004    
    170.1418630959850       169.9633553761686       146.3893921516330    
    153.0446152960110       157.9197435145829       151.9493154981433    
    137.0345179239223       127.1160264858153       142.5055523233993    
    142.0623637511937       156.9010728884379       201.1066868524658    
    209.6286689999260       171.6909804829854       133.8819290879343    
    139.5235892570597       140.9376581051305       133.0703610050890    
    751.1683683926549       780.6760907146355       837.3718707573374    
    843.1152575215250       723.0145416577915       662.7985681212724    
    695.7861768490824       913.3430468772196       1010.775717535694    
    892.8839665675810       805.8176461517803       764.4625523074353    
    885.5460319815052       917.2229189490650       938.5141972335091    
    778.9953886103982       716.4289738636633       486.0838409276203    
    481.9168611038264       726.7894221057883       960.0767381239059    
    986.2610173331348       894.3131906431745       878.1222451857502    
    454.1907823833719       630.4543968594498       798.8036841234987    
    730.8331682085196       680.4694086475251       601.8377790028921    
    471.0887394648324       483.8646670535098       571.7269579176544    
    638.6484622283497       568.3767818419971       457.0385609421260    
    583.0940411029148       574.8321224264074       523.8852169529906    
    429.4264924296698       349.5551571579654       179.6826111891860    
    142.2635029062818       134.4010660667294       175.7553522515778    
    289.3385208424846       459.5482797399732       512.5934595688974    
    225.8161568237682       175.2854146330591       140.6544437995763    
    103.9587482822668       85.97217977821003       72.60349215401618    
    73.08225680917246       77.62375883641681       92.73430402940619    
    119.0712898945776       175.6028004426931       222.9844129267455    
    114.7894102985845       96.38430354841176       77.86284328579285    
    67.54142145799591       62.93296437455353       61.26665959680366    
    61.97099256957728       64.95103134013647       73.15521043225459    
    85.87370560327656       104.1676358350756       120.7933819197677    
    82.20964227726313       72.08231566480094       62.57745636940371    
    56.89070564288556       55.07963142137839       55.36335331030529    
    55.11329998493864       55.58183530374805       59.06710153736583    
    67.20482957870644       77.75541043911716       85.26160613773470    
    59.98618751308982       56.12496559255220       53.44152103253919    
    54.55277988310314       58.31763313675253       61.16017007652630    
    60.11875799656963       56.67483705403953       53.98965946586287    
    54.66067188631030       58.17098474118154       61.11650861214457    
    54.42893650323555       55.02241336136393       59.27025775633865    
    67.93478591339408       78.98066413433469       86.06775325183236    
    83.08580466626836       73.19195990182692       63.57601094111232    
    57.57734350087418       55.38559783806107       54.85407886497740    
    60.47174837243574       63.60478587026108       72.13181846225325    
    87.03694700447073       107.8940065751226       123.5061283106234    
    116.9103085556245       96.19967460822920       78.48959326604898    
    67.51986827845258       62.26608373330578       60.04308686249260    
    72.04917293510249       77.61625248535609       91.76891706471935    
    120.8213714391206       169.9053326960218       209.6742162758609    
    196.7401102027821       144.8715342817266       112.9650410334690    
    90.16009613090858       77.08876711684809       71.99591151108109    
    128.8047068732610       125.5070232505986       164.4254867164037    
    302.9023067835013       454.5182976880255       508.3988877169893    
    606.1229256165603       618.7498587486928       609.6307755656909    
    381.8798143152407       281.5011713223896       163.4918172233597    
    206.7195266577002       219.5405135750335       343.6479425962986    
    720.0482530222789       634.7485339237686       470.3048548209271    
    465.1978222728870       679.2612179174213       880.3893325564900    
    608.4162590190232       310.4908707738900       211.5196646585105    
    768.5533097452006       921.4357394888601       1047.250270107057    
    1004.026195464078       963.4952495903519       924.9310442530998    
    913.9392105561512       928.0743951180455       994.1450320299623    
    1005.600011291762       802.3904447250038       776.3038681538860    
    337.1914159449432       318.2855721512965       218.3314991349761    
    193.1555809596119       194.7482033953634       192.0078633329041    
    193.0228055173444       188.7121005269137       207.8721746541987    
    195.0147909684148       202.3743385719499       293.2369229800784    
    332.8931307791692       360.3951260264751       308.3677483947156    
    251.5897581102848       256.1844798901802       235.9548792667852    
    236.6758904149719       224.1347721308955       245.1882962784708    
    244.2200732503039       284.7277783677526       324.7598589620679    
    182.4394588188198       174.6974014351963       193.7672700018567    
    188.4014867772521       195.5356063870539       198.7869691786557    
    195.5142840867694       208.3079644212518       194.8152907851295    
    203.5787217286185       199.2409798389332       185.7066124381532    
    1006.775802229072       1069.631698774600       1083.416404337527    
    1009.801216467462       835.2213887626682       771.0863578503963    
    807.2736110174804       878.5229121676830       1074.816267535155    
    1106.942963422682       1051.423394257824       996.0512844685923    
    274.8380124132065       513.8098734650471       933.4220905111933    
    891.0397304810687       843.3496168434971       736.1037700882207    
    590.7748029947868       565.1578721856225       768.3834744678321    
    723.5092300050603       477.2412511806961       277.0777697674668    
    652.9111674258435       759.7052851182013       755.4690171716913    
    698.1409794012166       521.2119791963659       213.3847028947642    
    190.4355819378196       181.7898993868425       226.0341563077048    
    418.4712943623481       665.9622575039812       551.6582725464012    
    624.8146870590076       576.1627377780485       489.9092024968184    
    235.8319429494742       183.9136873076797       159.6254683835738    
    165.3177825128225       159.2607565717472       179.3642216267131    
    171.6757681134240       366.8008233374351       501.9605935322815    
    246.1245735353543       248.8497108043006       204.0531139237487    
    199.9520603127678       207.4265179485337       206.0775904392642    
    207.8370949005262       205.8399572105714       225.0540265883956    
    209.2043593433530       201.6154708272140       240.2501530537364    
    295.0891877891451       300.3745934368283       283.4862969600636    
    295.7955150988312       295.8053467438617       296.7204008816964    
    286.3399633966992       280.5860362093284       292.1642627630234    
    293.5090631506085       289.0874714078109       294.6927453741068    
    164.2566460209167       168.1866285328653       163.9693829467319    
    165.3018506297883       162.4048922786869       168.5984646792491    
    163.5670641130531       167.3989383083665       161.0781169420648    
    162.8693204183804       159.2808409429480       165.3976279595994    
    188.9680159883227       182.6776605456075       204.0618972767589    
    200.0509034972424       202.1012605436425       205.0132598553205    
    204.4426916534974       211.7591623910613       198.1595834963485    
    200.4797953630231       196.0144700927771       191.4346777694931    
    166.0219366319922       157.6491857392384       178.4697532239576    
    170.4323000790140       166.7884637610371       180.1114409003333    
    175.0623918027756       176.6013634229466       153.7631063984648    
    161.6911941869077       167.2630540837048       161.2020677291497    
    144.7211397336261       133.8953022655645       148.4898098341674    
    144.9959595510606       154.6142725330490       194.9184880146007    
    205.7489397033194       172.8604576419315       138.0615339014213    
    145.9872749226676       148.4583436849434       140.7065872141331    
    775.2378605081276       803.6981437621193       853.7997612139492    
    829.8168141941034       574.2582086854658       470.0673152492321    
    509.0616499658123       864.9473369214604       1020.154495206796    
    915.4485297399333       830.2506794113356       789.7729977384529    
    914.2462162515415       936.5652451692910       932.5645118665803    
    637.4577177657699       519.3718923680680       285.2551296782026    
    284.7759878101476       539.1741656878520       921.3056030596398    
    996.2338734728888       918.8067000664120       907.8396966506546    
    269.8823796807262       458.6820621427836       770.1845703881389    
    737.2228084179255       698.7468592582644       621.5164094761860    
    485.5199315637861       491.2550517073271       562.4476036683603    
    539.0572434005883       385.2278027518894       271.8086199447011    
    474.1658676108980       548.3972970300108       527.5610021683902    
    439.9174421979382       360.1912092872368       185.9903240377605    
    146.9988554250463       137.4910744682865       175.6918675857975    
    276.6913571009937       394.9458934823458       373.6564275276351    
    217.7658102795164       174.8923716347122       144.6523672648823    
    109.0446854944460       91.37851217318627       77.86477910250511    
    78.25217880650115       82.40879638420040       96.68587633530734    
    120.4903483555029       171.2845213409153       211.8792709918118    
    117.1045182688459       100.2546774009048       82.72820991632557    
    72.99735588266287       68.69215500648096       67.09081044402154    
    67.77344515467831       70.58736211602223       78.38358457391337    
    90.29610445717395       107.2706300381512       122.6428267255457    
    86.84561642539990       77.17223334762480       68.15303977003140    
    62.75424938451835       61.00900809262555       61.27924853038280    
    61.04826511761985       61.49758959963236       64.77902784388334    
    72.51775511337399       82.57852470112681       89.76085124967170    
    65.51232616568825       61.86682014188705       59.30184038651021    
    60.30664513404105       63.84640358491112       66.56363206030846    
    65.59846202762998       62.36304076929144       59.82325843094571    
    60.42908265575164       63.73946326947078       66.55646597615572    
    60.34822250720850       60.90292210232207       64.92680026723718    
    73.17406361693202       83.72907273157182       90.49205774248037    
    87.63033920659069       78.16816835946838       69.03864236772250    
    63.37343446806898       61.30124598877984       60.75792428976001    
    66.19403209823815       69.12747619013260       77.19284986272612    
    91.25184111123730       110.7308728822716       125.1288961860091    
    118.9963219962991       99.73451700031433       83.13966998025535    
    72.83942028598744       67.92341799252455       65.78625951823369    
    77.17899631073522       82.34412597630580       95.42773610457544    
    121.6071026102519       164.4585845491839       198.0282737391228    
    187.7194685652199       142.8658579146997       115.5321975653933    
    94.55103380849295       82.09570812579869       77.20434665315423    
    133.6594306367047       129.1860471730502       165.0327506082263    
    293.5741480134695       408.6215925822376       400.3437720686760    
    532.1665798233521       602.4600279081511       616.8412473401332    
    391.4384284529291       290.6337275119455       169.5895818698716    
    212.3620641118649       219.1105968710332       334.5180482064229    
    643.7925912631428       449.4906006830155       282.7020967831674    
    281.4993065434580       513.0768284072622       865.4411369037405    
    613.8531483160392       316.2258211974773       218.2274841638545    
    546.0885904463481       825.0131396050673       1053.236710704397    
    1031.254125878050       996.0472891170866       960.1072252719121    
    947.3161003617179       956.5017490271117       1013.654315418037    
    980.7516903248796       596.1954306035797       552.2957847562226    
    344.2153750789245       328.6867998692884       227.7976684301564    
    203.1342304169357       205.5371486037814       202.8972589396005    
    203.8435781885113       198.8911317145465       217.8125545451621    
    202.4211654115362       206.7662196883759       297.6041641535758    
    343.6460832553081       374.9610427134940       322.9633493105126    
    265.0546461729135       270.5382836013257       249.5816657766596    
    250.3263430180027       236.8530265660951       257.8713334498985    
    255.0696438858751       294.8924010172789       334.4375040300633    
    193.7477165092929       185.6464887046911       205.1277569873662    
    198.5619664996676       204.8764617989960       207.5971409536450    
    204.4449662004553       218.7423315651102       205.7249489381547    
    215.5150348387451       211.2329362190337       197.1056177510491    
    1044.426225331591       1099.945149578389       1089.887974990645    
    919.3088519380445       598.3873124212972       537.0340664979948    
    578.4287216605004       688.0173899514448       1052.461417466084    
    1127.842120100041       1085.940770720157       1035.026528028936    
    166.1734142811034       412.1503485718392       908.8499349080549    
    898.7050421150968       866.4943700583478       760.7254102103127    
    607.2444066624456       569.2816408018047       760.2916906695469    
    650.7610545257556       371.3430737995958       167.2687615876041    
    585.6740049471423       742.2339757449876       766.2024834231147    
    717.7708608370494       536.3055906846057       215.2314707058238    
    191.1373620881420       180.7333533677138       221.5045866115588    
    405.5660249880404       622.8069021599332       468.6148662883181    
    621.2662375985260       583.7221556285783       502.3779196528153    
    240.3150931597366       187.5071943895819       162.6433702422787    
    168.6127585491306       161.3784956170505       180.1548210898005    
    166.9255915741985       359.6764312160090       489.5811578632063    
    245.4140752790366       251.9655660925579       207.9442357756918    
    205.4754777402579       214.3870072030296       213.4261058238849    
    215.3332878135217       212.6443096568380       231.3964676952054    
    212.3170081237191       200.8388784333306       238.1650047211110    
    303.0057548361640       310.1228706558743       294.0621283867273    
    308.1481901210026       308.6907196375392       309.8937985665344    
    299.0639504090211       292.8388130483626       304.2432951505987    
    304.1038739639248       297.6019861163763       302.2064908528534    
    169.3113490886091       174.0642011540245       170.0876075837598    
    171.3540402640419       167.7735349727598       173.8948307458159    
    168.7279534528159       173.3242237067074       167.1050053018632    
    168.8761809340775       164.4839994834939       170.3906130688182    
    196.3881419187885       189.6249106069803       211.4311890613294    
    205.8107094781008       206.4038753171289       208.4420336242445    
    208.1737869462330       217.2474677227996       204.4661220368624    
    208.0305958695732       203.7383111459548       198.9773323657431    
    171.6196949054307       162.3125470025997       182.9541031625226    
    172.5121084039003       166.0761317243811       178.0151924436879    
    173.5443619160790       177.7336108495717       156.0425704704471    
    165.9436037821820       172.6654312685909       166.5940673287238    
    147.5700311646690       135.3466117267885       148.5887196060887    
    140.6448038485628       143.0802655640484       178.6391193394543    
    192.6363458362417       166.4529295959056       135.8658222048561    
    146.9932140619079       151.0219687482248       143.3947842604937    
    799.8383279770991       826.6261447846404       867.3040543947508    
    808.6434942258620       475.6843586332282       360.1054513910742    
    400.5624392768527       814.9623111405156       1027.153648727591    
    938.4755233127606       855.0083991816138       815.8473846350773    
    944.9308874103508       953.6963760416768       919.3865001990957    
    541.5925839994458       408.1406877595597       169.5388225404539    
    169.6454448759949       429.1275266582976       878.3717679438538    
    1002.730773829114       943.4721551720457       939.7670344063442    
    170.1182337804046       364.8723937923026       738.0591084023571    
    738.9725951210195       715.5776860025895       640.5072102731140    
    497.3210037372411       493.3147455066802       545.4369928959721    
    463.7405519853743       286.2729796874746       171.1794643380875    
    396.2409383542953       516.2374354177856       525.8187958800917    
    446.3651899492049       366.6274025664080       186.4230211903077    
    145.3103645021727       133.4943102354273       167.4902447268600    
    254.2927048937180       334.4430417112800       285.3018162267498    
    200.2414979810858       166.5240577400482       142.1013735678756    
    107.9935183210381       90.85199027712321       77.17758966065702    
    77.53689004192665       81.14349965949685       94.10009900298988    
    114.2634076142777       157.5904242888626       190.5956101774109    
    112.0479816304325       97.47146567586285       81.46455927701979    
    72.72524259305868       69.00583889397893       67.62980112693384    
    68.31473165767932       70.80652636528839       77.88777855935791    
    88.50037027035640       103.3784851578403       116.8983047383421    
    85.37722926586966       76.46772485991704       68.28073762746811    
    63.45552183505276       61.91104317627349       62.22589587095229    
    61.99797051315414       62.39086056095289       65.30256259740952    
    72.33229493029825       81.53913641452704       88.12957293818968    
    65.77739282694495       62.51376871415459       60.20372399304108    
    61.08280285166501       64.27626081451621       66.76135777867387    
    65.87458377155286       62.98808746765872       60.72682669863383    
    61.26681999068495       64.21765744935470       66.74241615030496    
    61.25225691479841       61.72237928362279       65.32019804032529    
    72.81476222119920       82.57993306163414       88.81916344749996    
    86.13598372671660       77.38384451361924       69.07257947921863    
    64.03858887168212       62.20775977028836       61.66789442770693    
    66.59844226975764       69.15476287117173       76.39213615063056    
    89.11060466934373       106.5279378949882       119.1815399226357    
    113.7625472918806       96.64042029733722       81.68360632181049    
    72.43225656526420       68.15005712063993       66.22036261539677    
    76.36294695020851       80.92563860618540       92.39075567368360    
    114.5428821689727       149.4790375227062       176.1905231739256    
    168.9775310488422       132.5868824362075       111.3108490431607    
    92.66543958964846       81.10033822676144       76.47333019370706    
    132.1326879429847       125.9895828924940       157.6628949093823    
    274.8804978465600       359.3021721323044       320.7215067232565    
    468.2073214930451       579.9546045084937       621.0585152333649    
    397.0852684315389       295.2385823451422       169.7847452064920    
    211.6212251454570       210.1915224591338       315.9939697616778    
    578.9804680932598       347.7018465733514       177.7635331255794    
    177.3214728532316       415.3377187764309       845.6179992345199    
    614.4620067905535       315.7246140471557       218.9252291054942    
    412.3765003200410       738.9557234389272       1059.621166376971    
    1066.069050905341       1037.994187277718       1007.294158338453    
    991.5212575807857       992.2770620962638       1036.015122506711    
    948.8564241672464       465.3207234124177       417.1012985168322    
    344.9538400357000       334.5579172611792       232.4169894668628    
    208.7447134427265       212.6636107232258       210.4730042137106    
    211.5804860129060       205.6028395208571       223.6829372590492    
    204.0377133790301       203.2670077558620       294.0288756840701    
    349.9305768289602       387.7706119264417       336.4552630948197    
    277.2308250572166       284.6703164422877       263.1137013400178    
    264.0286798404645       248.7411224111042       269.2516811333263    
    262.6345280236677       300.4436958739944       338.8351642030187    
    202.7068776102539       193.8031317283873       213.8844312180908    
    205.3114604338120       210.0071622836026       211.8028553883562    
    208.8731336475647       225.7494157260282       213.9456437850953    
    225.7715340578557       221.4529331834001       206.2419421420145    
    1093.365245944312       1136.285712591928       1091.801393801376    
    829.6604133718741       448.7260735551719       386.6093541592392    
    429.6952406412838       550.3764228581769       1021.932886420444    
    1152.690052277620       1130.470390227657       1086.647144207802    
   1.4556186761848105E-07   253.8368742242112       856.2223537804136    
    922.5289147242250       934.5947308398337       836.7924169730827    
    659.3488609863130       584.7659568328254       743.7709731382682    
    504.7100688035018       210.2058188844806      1.4580411594348964E-07
    441.1143469377716       700.3153504108503       799.5554271658847    
    779.6774883432391       587.5717582985516       227.3235776891696    
    199.1279326236608       182.8714540702272       212.3875058177411    
    372.9493657326657       519.0931373394889       306.0111455240322    
    613.2006398575313       607.3760363783549       543.9567337279243    
    261.4600332013524       206.7700596779218       179.9595104386711    
    186.2601278545952       174.9340457467028       188.4998763321803    
    157.6148369864399       342.5673121782289       458.4746276809852    
    248.0519590981700       266.9648407432277       227.2059978913887    
    230.4847415495956       243.7343182639609       243.6545805971448    
    245.5686024309216       240.7016385900747       257.6809551817405    
    228.0999866415527       204.0047863732291       236.7054410895975    
    332.2135438878604       346.2665678761141       333.8355206864065    
    353.6566649488861       355.5846561921072       356.9791647469458    
    344.3476032631168       336.7101211669166       347.6806998749140    
    342.8512297650883       329.1536946263562       329.8878066391211    
    191.7636030624905       199.1543590134981       195.8880238416327    
    196.8893651794232       191.0373266761169       196.7190292776451    
    191.2961001660776       198.3260317539148       192.5040030957987    
    194.1435294545570       187.2621815246305       192.4989512628557    
    226.1046576316730       217.9028271162906       240.7490163111277    
    230.0338813384002       225.4491208477134       224.3754498860824    
    225.4852223517929       240.7766198964012       231.2718775364715    
    238.6029762048310       234.7408373184834       229.1753802603083    
    196.5186447785214       184.1919820490503       203.6834189521883    
    184.7761482307391       168.4488043140711       175.4647885161233    
    173.0577398615161       186.5077146019516       169.9593949348710    
    186.6388462297834       197.1028846116170       190.9586840133457    
    163.8030674381383       146.8464331915484       154.7593273790007    
    131.9436200070641       113.2119856116205       135.7627637310035    
    158.1794607900555       151.3275230905471       134.8570342239483    
    157.2408836732144       166.6713438068399       159.4954992733193    
    870.0348876025714       888.6800165185207       901.2881285881065    
    762.8305456259596       312.1034313383158       198.6375539555572    
    240.0991179047171       712.0411642441055       1045.953060721715    
    997.9738226973325       924.6772386265718       891.5660191900940    
    1031.645716127684       999.2565971681699       892.0767340913471    
    379.1918510816461       245.8001442712474      1.4628795767246631E-07
   1.4603658874013775E-07   266.0672630701425       789.0589086778413    
    1021.246441667287       1012.935858380416       1032.069140385090    
   1.4515145677290858E-07   201.8429630986689       656.2422326650790    
    746.9036824319559       771.8623400542981       705.8858844193452    
    538.0204438720568       500.5975071184920       497.5323242678122    
    297.6999896456944       117.6556102289921      1.4534605495055831E-07
    229.8359333074988       430.3335499676226       523.4261511660350    
    470.3864201633010       391.7907520408193       192.9367288694088    
    144.3226304348961       124.4331906337273       144.5194556082665    
    190.7115349887487       184.2667398696065       112.2645142557206    
    149.6666430042026       143.2818885706286       138.6412539906807    
    110.9374030527199       96.07508934896103       81.84766538846233    
    81.80140498538080       83.08321334909508       90.54314679734077    
    97.48692037749862       117.6533901389138       129.3332499764901    
    99.08899287745854       93.34282080146572       83.89412351663594    
    79.07976128900884       77.30010186255143       76.48421295035490    
    77.06657734711797       78.42565388224898       82.78021172531425    
    87.99660412266164       94.54560533606227       101.3294620980432    
    86.27113803080277       80.77993300674535       75.85072955153294    
    72.92634373805029       71.91452465298909       72.22428231027678    
    71.97652893802697       72.18265535874835       73.91406485256979    
    78.40675958608401       84.07282781611158       88.13532430817261    
    73.46509511821253       71.52141307824067       69.98520141159759    
    70.42858551135467       72.36743222371445       73.96671718361247    
    73.41174566888498       71.79387632312739       70.46917044798917    
    70.78791791495220       72.51886644473515       74.06739448546418    
    71.08203936226687       71.27590910697279       73.41494495729251    
    78.09743372657962       84.39358701473765       88.33260728972547    
    86.55759905231264       81.01728621715054       76.00422040731658    
    73.14360079964644       72.08865557415223       71.50959074630592    
    74.83086965510566       76.01195743668754       80.02289152305408    
    87.04416546091487       96.20936714232542       102.5935042021224    
    99.75039565919275       90.84360568415484       82.83565532103765    
    77.88884594582157       75.88613771202901       74.62101213056727    
    80.25291771750531       82.26156347954117       87.11905266909881    
    94.84487130066732       105.5208866960022       112.7836810051006    
    114.2436869771268       102.8332599351742       101.7305913582227    
    92.38215864012389       84.47307270217408       80.85283575315927    
    132.2796341429573       120.0312698001618       137.4401441094246    
    221.5532313744663       230.3761639895505       149.2999304715461    
    316.4208454262258       518.0152291359583       635.4772736049910    
    418.6859274484860       315.4557474515585       175.8961514171844    
    213.9193624161422       185.8760737187417       264.4659057626573    
    427.7806745934942       175.4778242574881      1.4579850475574206E-07
   1.4550904771103108E-07   242.9056572879875       792.1582383749630    
    617.0807510910805       318.6621549192949       226.8783849326894    
    280.8485835885159       627.3398522129235       1056.732447684986    
    1103.671400939319       1090.850772702680       1074.149823159956    
    1054.417620571826       1040.283420405544       1058.098175722080    
    899.5884126819291       331.6535300485939       284.3202559545296    
    350.1836120116195       351.3788663323112       249.3677247547623    
    228.5393300548080       236.6755367495230       235.4047954967413    
    236.7923432545140       228.4017201555741       244.1662846020591    
    213.9641059120834       201.6371383164923       291.1334362489626    
    362.7690753145316       409.4759355366620       361.1587106324379    
    301.5412051976227       312.4906801848653       290.2516119637681    
    291.4748214719793       273.7287767100867       293.1858757713854    
    280.2322861493636       313.5023240180246       348.9290496837754    
    228.4033546527056       218.5414830744747       239.5461429629506    
    226.8754141530422       228.2282921820240       227.6934903049010    
    225.2618214797906       247.4178002336487       237.9839406783191    
    253.4346807350119       249.4339439104749       232.3766167121164    
    1148.022807660141       1170.167676561263       1086.611829069689    
    732.9907342951767       324.0486261036523       261.1901656704878    
    305.1694997923115       426.4034698561869       981.6801784600030    
    1172.256937837162       1177.191030114017       1146.707846502267    
