   0.0000000000000000E+00 -5.4176911650542836E-15  0.0000000000000000E+00
   0.0000000000000000E+00  1.9998144005297439E-13  0.0000000000000000E+00
   0.0000000000000000E+00  0.0000000000000000E+00  1.5754104988548953E-13
  -1.1444572768978640E-14  0.0000000000000000E+00  0.0000000000000000E+00
   6.4204974326277787E-14  5.7753371498624561E-13 -3.2159985953597976E-13
  -6.6666738922815926E-13  2.4799774933953637E-12  1.2097831393331091E-12
  -1.3363142134655389E-12 -2.0965874450560677E-12 -1.7824565946494899E-13
  -3.3004622471126240E-13  7.2184695077090947E-13  1.2264992949328949E-13
   3.7335995945304071E-12 -1.0977120500778327E-13 -2.6556863556083854E-12
   8.9444768120681088E-13 -1.9075157462990660E-13 -8.9755160056791933E-12
  -1.4016778668814633E-12  1.2319523226689634E-12 -2.3799428452650704E-12
   9.4893373594947681E-13  5.0184927845865417E-14 -5.1644555956879881E-13
   1.2411759535460753E-12  7.1047343844992299E-13  1.2496158319166404E-12
  -6.3642711275599864E-12  2.3243767874884659E-12 -4.9464466009092943E-13
   6.1484402307767238E-12 -3.3080749136480694E-12  1.0526791852517310E-12
   4.8819664961097603E-12  7.5659289117364315E-13 -1.3038393929693068E-12
   7.7787196434020910E-13 -1.0651349997105064E-12 -1.8126987915758697E-12
   7.8699622994232784E-13 -7.7213083124189959E-13  7.0640886329155577E-13
   5.3107143558910908E-13  0.0000000000000000E+00  0.0000000000000000E+00
  -9.3720685768190659E-13  7.9820261341684889E-13  7.8397865655652624E-13
   5.1291614067989213E-12 -1.7425411318492804E-12  1.1730791928347019E-12
  -9.3411945702326164E-12  2.1714921678254887E-12  2.1352571326794599E-12
   2.5654454190933588E-12 -7.9441032849676927E-12  2.5645807033994607E-12
   1.9626649472780862E-13 -1.9961179500192788E-13  2.1626566082773795E-12
   2.9990737771157760E-12  1.4563240602089318E-12  3.1207777041095434E-12
   3.4487912462116386E-12 -2.2813163260018495E-12 -1.7641610453622209E-13
   5.3035592729666570E-13 -6.6576104212270226E-13  3.4946848805977788E-13
  -8.4392234297826679E-13  1.7117161100049160E-13 -2.9672701393841876E-12
   3.9321029241406910E-13  1.8218285541786867E-12  5.7405319807082356E-13
  -1.2055194541135932E-12 -2.0744299897969411E-13 -8.1458829084736869E-13
  -3.0823340465860854E-13  0.0000000000000000E+00 -2.0899181019185313E-12
  -1.6179814716289417E-12 -3.9401688246397993E-13 -9.9900560388063311E-13
   0.0000000000000000E+00  0.0000000000000000E+00  0.0000000000000000E+00
  -1.0942261886723254E-13  1.1094749766261932E-13  0.0000000000000000E+00
   0.0000000000000000E+00  0.0000000000000000E+00  0.0000000000000000E+00
   0.0000000000000000E+00  0.0000000000000000E+00  0.0000000000000000E+00
  -3.1716631752227272E-13  3.1195926797056069E-13  2.0000397568336928E-13
  -5.0000993920842320E-14  1.2500248480210580E-14  2.0311964803385935E-16
   0.0000000000000000E+00  8.6880175452255224E-14  1.2662781886619541E-13
  -4.7508026844275045E-13 -2.0392635909994229E-13  1.0461145493585852E-13
   1.8761839614778815E-13 -2.7624892113112723E-13 -4.5142043588685654E-14
   3.3856532691514233E-14  0.0000000000000000E+00  0.0000000000000000E+00
   0.0000000000000000E+00 -5.2912414547412285E-15  0.0000000000000000E+00
   8.6610565433520709E-14 -9.4121265981734683E-14  3.7822767523898186E-13
   0.0000000000000000E+00  1.0932787435353531E-14  2.5023028140443795E-14
   3.2616623648505879E-13 -5.5468027196157666E-13  1.1336234248637276E-12
   7.5905643388958630E-13 -2.7674080209247200E-13 -5.3748325696718569E-13
   2.8341553090986479E-14  0.0000000000000000E+00  0.0000000000000000E+00
   1.0707120705994706E-13 -3.1435516984020817E-13 -1.4008038986988048E-12
   9.8902104773590969E-13  2.7215050848883783E-13  1.5668561368566700E-12
  -4.3139885232178461E-13  5.5129423349268433E-13  1.0685169583133938E-12
  -1.7454530231671692E-13 -1.1451532502814527E-13 -2.5433448757699795E-15
  -8.2956682699499066E-13 -3.0007454933643009E-12  1.4156441543273061E-12
  -8.9525052305684798E-13 -6.0883490385862294E-12  4.5276435762395909E-13
  -4.3006356368032680E-12  1.5837772448797550E-12 -2.7084421092924805E-12
   2.0231303993782481E-12 -1.7616148793039011E-12  2.6806999547071463E-13
   2.9210660311670628E-12  9.4716395056827247E-12 -6.7881783119890840E-12
   4.3036411004782112E-12 -6.7968993618450512E-13  1.8125940189794295E-12
   1.3592656145156045E-12 -1.0871305082623655E-11  6.3356330911898111E-12
   1.5813028832121106E-12  6.8691453463165266E-12 -2.6915099999847365E-12
  -5.6507419304364011E-12  2.2638217881197954E-13 -1.0196472405075671E-11
  -2.9466309541255573E-12 -6.3470332188833032E-12 -2.2666863863471791E-12
  -7.0267991377502551E-12 -1.5866474368368389E-12 -8.1583392000438229E-12
   2.9440136166760166E-12  4.9753972201643983E-12  1.8069301906982492E-12
  -1.8129883225940342E-11  2.1080607827552667E-11  2.2896784011405555E-11
  -2.4936101055385687E-12  3.8530300591966726E-12 -4.5320980574532101E-13
   2.1529236330804158E-11 -1.5413308299590418E-11  1.5188478238042610E-11
  -2.4255611530163925E-11 -1.0879143696555312E-11  1.8581602035558161E-11
   2.0402264499861016E-12 -2.4935456244015723E-12 -1.5864658759877965E-11
   4.9825823969147299E-12 -3.1660641116601713E-12  1.8069301906982492E-12
  -1.7403689174733968E-11  1.3582607744612772E-12 -9.2901193024022767E-12
   5.2132701496067570E-12 -2.2668186569546569E-13  1.2694525660646540E-11
   4.3059036466847350E-12 -1.3821674636762022E-11  2.7170241387180449E-12
  -3.8415673740495031E-12  2.2502480639910796E-12  1.7925966091150866E-12
  -5.2774348521266870E-12 -1.6475663769322487E-11 -2.2631477567349050E-12
   3.6247705409708479E-12 -7.4781720533521117E-12  2.4930178051236801E-12
   9.9643537795188253E-12 -7.0168265653105967E-12 -1.3559431641684227E-12
  -4.5009927430481549E-13  2.8938323739871114E-12  3.4037813024662368E-12
  -4.0697444102758956E-12 -5.2592012496725940E-12 -1.7970246003881753E-12
  -4.2892544015711608E-12 -4.2995278529146342E-12 -7.0200467420177740E-12
   0.0000000000000000E+00 -1.4430412461361862E-12 -1.7343636815415262E-12
  -1.4847583819437305E-13 -4.8299015985887171E-15 -3.8477247128709000E-14
   6.9717555206714989E-14  3.9435076656770687E-13  9.0535170199455434E-13
  -1.6544629541443426E-13  2.3496769599393360E-12  1.8503778604062407E-12
  -1.8382554679674521E-13  0.0000000000000000E+00  0.0000000000000000E+00
   1.3613083209758787E-14  0.0000000000000000E+00  0.0000000000000000E+00
   0.0000000000000000E+00  2.9632983162861093E-15  0.0000000000000000E+00
   1.1191470456099674E-13  3.6449399027529497E-14 -1.7595227839926798E-13
   0.0000000000000000E+00 -1.0543540479443108E-14 -4.1651922513278620E-14
   0.0000000000000000E+00  9.0240862372681808E-14  0.0000000000000000E+00
   0.0000000000000000E+00  9.1951150992558520E-14  8.7810222163407581E-14
   0.0000000000000000E+00 -2.6128275397271491E-15  0.0000000000000000E+00
   0.0000000000000000E+00 -2.2124652610198946E-14  0.0000000000000000E+00
   0.0000000000000000E+00  1.7492277160190361E-13  0.0000000000000000E+00
   0.0000000000000000E+00  3.5521998967912747E-13 -1.6519518364236381E-13
   0.0000000000000000E+00  0.0000000000000000E+00 -5.3968834745561205E-14
  -1.6735432425407967E-13 -7.5839075993310987E-14 -9.7606306058203933E-14
  -6.0369312345371278E-13 -2.1467803813895767E-13 -8.9761509034231058E-13
  -4.9918956016465503E-13  2.8494086339328008E-13 -3.6938322123640711E-13
   4.1370165706760022E-13 -2.0132281221475678E-13  1.6257743889078859E-13
   0.0000000000000000E+00  0.0000000000000000E+00  0.0000000000000000E+00
   0.0000000000000000E+00  0.0000000000000000E+00  0.0000000000000000E+00
   1.8160892131794334E-13  1.6602691339203327E-13  1.7321110013534355E-13
   1.6050051751212315E-13  1.6329922592480769E-13  0.0000000000000000E+00
  -5.2604214656650190E-13 -8.3590654302036724E-14  1.2525226193420575E-13
  -3.1268563986540463E-14 -2.5918679046246687E-15  0.0000000000000000E+00
  -1.2899836336970492E-16  3.1150294661317056E-14 -2.0860536326130058E-13
   8.1667605160423324E-14 -8.4790935327475952E-14  3.5225153090820761E-13
   0.0000000000000000E+00 -2.1640094867147915E-02  -1.128882690628716    
   -3.553027714678687      -6.842535154911292      -8.942434536229200    
   -7.944021024354255      -4.682263287902566      -2.281526749056989    
  -0.2320351155569395      0.0000000000000000E+00  0.0000000000000000E+00
  -0.2394771873054127      -1.531254456353727      -4.398571263602189    
   -7.268676079203055      -8.720307898363197      -9.411312028225026    
   -9.157989785342570      -8.210811418972185      -5.852437840539672    
   -2.783162983457454     -0.6455540690525965     -0.1183924528072270    
   -2.976174549824078      -5.099966305916890      -8.084823436434744    
   -10.99867092431469      -12.62688650688519      -13.14030294601933    
   -12.92963725441841      -11.80587305131523      -9.579531327775230    
   -6.580576583981996      -3.879770393042773      -2.514691605018687    
   -7.160203266236545      -9.318640534940338      -12.03133739953660    
   -14.19462043442435      -15.34514752758424      -15.66917777491509    
   -15.50422072216426      -14.75975668227080      -13.09621887439787    
   -10.57063003198535      -8.016159397522372      -6.650113020901381    
   -10.79528456772976      -12.52501860405823      -14.51451564102708    
   -15.75559466072580      -16.14188586341562      -16.10880287777347    
   -16.11256087493055      -15.96175728435050      -15.13299591679458    
   -13.48419853962281      -11.53752959364710      -10.38085506730789    
   -14.62056860683567      -15.47456223268910      -16.03489232428795    
   -15.81246969731963      -15.04324655475034      -14.51908408511909    
   -14.74234554045173      -15.51660524610770      -16.07949812355551    
   -15.88775171424709      -15.05289682998666      -14.40231530086074    
   -16.14567891627937      -15.96857515318922      -15.09002076566991    
   -13.38243714752941      -11.54447378954404      -10.54508674203460    
   -10.96650499863701      -12.57483083872373      -14.46893115940508    
   -15.77745688087793      -16.21112449902170      -16.16790723594456    
   -15.44593031182319      -14.73961232351361      -13.13918733808691    
   -10.77151277254507      -8.512062662957097      -7.361392626638784    
   -7.831287610288778      -9.719806417448908      -12.14527126883542    
   -14.18141528576240      -15.27475313369112      -15.55884778897624    
   -13.61061682759696      -12.37899889052159      -10.03094043100214    
   -7.077282789703335      -4.549850265651946      -3.359000058053814    
   -3.819841753830850      -5.795063317498829      -8.615108532658901    
   -11.33532150804495      -13.15364854536910      -13.80642347783827    
   -8.146356962377114      -7.106459434285925      -4.511067718752574    
   -1.450923336401319     -8.0095265633966420E-02 -1.3336856353877865E-03
  -1.0828672589280533E-02 -0.5013902632415211      -2.937946026983849    
   -5.999580265963893      -7.661845019720194      -8.690173100481978    
   -8.510661720249150      -4.738182904131913      -1.773633658877936    
  -9.9543325844016012E-02  0.0000000000000000E+00  0.0000000000000000E+00
   0.0000000000000000E+00 -1.0072408348133562E-02 -0.6461389784838695    
   -3.022131220414532      -6.651799120732612      -9.404276640201354    
   0.0000000000000000E+00 -1.8334410841906665E-02 -0.8129663330076318    
   -3.136023008395877      -6.358402118876374      -8.351448495093518    
   -7.501658307334251      -4.422345795406849      -1.817333149975906    
  -0.1607874792099177      0.0000000000000000E+00  0.0000000000000000E+00
  -0.1217674759363275     -0.9640088757157540      -3.534636656341630    
   -6.304029274620431      -7.820736118095725      -8.790193745056781    
   -8.316113873068909      -7.133177949399347      -4.975945732531245    
   -2.118678182641014     -0.3394632613410694     -6.8216309657963603E-02
   -2.865643273734566      -4.932766908043928      -7.860841560045607    
   -10.42682273387400      -11.98099552180614      -12.48712027951160    
   -12.26589255940019      -11.19499917914136      -9.067911832546082    
   -6.252833213361677      -3.693561023770273      -2.419718054638941    
   -6.780756605271661      -8.761679248419027      -11.25078788456274    
   -13.23028929264116      -14.26896091387555      -14.56407592245252    
   -14.43048781965679      -13.75710721252947      -12.22197233729047    
   -9.910366114173462      -7.580264983715063      -6.314818260403989    
   -10.31926321737820      -11.92239485639067      -13.72940724279651    
   -14.88701323211983      -15.23083267209334      -15.20840517733400    
   -15.21615624478915      -15.09358705327826      -14.36286426533766    
   -12.83504510205479      -11.01329335713678      -9.936580225270610    
   -13.83260234403546      -14.60479244814810      -15.11652616193149    
   -14.88642728349832      -14.15597813409860      -13.64612339392770    
   -13.86376426993473      -14.59892863325786      -15.15685104222267    
   -15.00186318469566      -14.24514041054217      -13.63788030766190    
   -15.17905962586937      -15.00717903704297      -14.15149264708096    
   -12.54767773008710      -10.81594700339738      -9.871249008250015    
   -10.26330877005208      -11.76300436699864      -13.55848390864294    
   -14.80855315886138      -15.22856509654171      -15.20164326028699    
   -14.41539868646342      -13.63385441685999      -11.91518715817844    
   -9.528978380226652      -7.312822075097857      -6.177890680257518    
   -6.629596377834818      -8.472416353460062      -10.91716238586651    
   -13.01301815494174      -14.19242867827904      -14.55266482274680    
   -12.35523599735451      -11.14192356776745      -8.778692075308472    
   -5.894813726922409      -3.474699005827208      -2.357582651330425    
   -2.765763841391813      -4.631954377938857      -7.422645111279126    
   -10.12125681215891      -11.90576055641272      -12.55358920230249    
   -9.044330444800767      -7.905537180806260      -5.376814999578363    
   -2.434013123267016     -0.5453513612788231     -0.1207964645065036    
  -0.2327102535176007      -1.295898082235664      -3.812401850578114    
   -6.706764824652018      -8.663452855884408      -9.285698141293222    
   -7.621269499149008      -4.602412646455605      -2.449428645239305    
  -0.2638026328315151      0.0000000000000000E+00  0.0000000000000000E+00
   0.0000000000000000E+00 -2.6819554525154499E-02  -1.185481930332651    
   -3.480272085754220      -5.961613705014370      -8.429699243348422    
  -4.4945886228136790E-03 -0.3000930907562432      -2.894573629795485    
   -6.395984149665389      -8.697880178537526      -10.69264648496811    
   -9.782438669289023      -7.336417673766560      -4.720509507296454    
   -1.249507827989800     -4.6322270404576517E-02  0.0000000000000000E+00
   -6.858968702380221      -9.345915189001319      -12.61269191938463    
   -15.30094875383752      -16.75067011355295      -17.21945820416950    
   -16.94169697863653      -15.91161461531287      -13.88401654384507    
   -10.90654882681974      -7.945609653626978      -6.357794045728030    
   -10.23619272963211      -12.84545940404975      -16.16261469098114    
   -18.72587626614553      -19.94147400105811      -20.24791970409532    
   -20.05746220429067      -19.28461849083554      -17.39656649686849    
   -14.46649394844428      -11.38357068493897      -9.649055457226652    
   -19.22159154764284      -19.18033379958619      -18.32178220298968    
   -16.47572329342767      -14.44389839970744      -13.29675492311070    
   -13.76348951077893      -15.58995559361047      -17.65627901809163    
   -18.99682738368458      -19.37015941940956      -19.25151365419500    
   -10.54057650109380      -6.673191108250175      -3.070369963627594    
  -0.3988142077976210     -8.5387592483065454E-03  0.0000000000000000E+00
  -4.4236732499441234E-04 -7.6008128296425170E-02  -1.417779957891730    
   -4.779075028581184      -8.536797443854915      -11.60751499067342    
   0.0000000000000000E+00 -3.2501337475735387E-02  -2.009897212962898    
   -6.935193983156057      -14.03575192783420      -18.67178487365556    
   -16.48579906908819      -9.396813874945707      -4.339555379409632    
  -0.3737474536389880      0.0000000000000000E+00  0.0000000000000000E+00
  -0.3820050126794637      -2.792077329845164      -8.729677225959417    
   -14.94860903572951      -18.16905422108471      -19.70970162465479    
   -19.15673011873150      -17.06482369789240      -11.91058757112617    
   -5.367479374931622      -1.107407938085514     -0.1837115983932604    
   -5.766210596228310      -10.27702463213615      -16.81979529430492    
   -23.33504923613173      -27.01569862415692      -28.18708288702000    
   -27.71983436074154      -25.18855646849405      -20.20235821919908    
   -13.57184756462432      -7.709322978715687      -4.824008302915082    
   -14.91847485425659      -19.72183892587832      -25.86114656477538    
   -30.81257399571608      -33.46792943154698      -34.24870105971654    
   -33.92136514340754      -32.22422031906115      -28.39620366814259    
   -22.63834064558710      -16.88598562710789      -13.81808293420325    
   -23.26091486089072      -27.20287082927190      -31.75352334912940    
   -34.58418238068155      -35.47150050351144      -35.41382748362170    
   -35.44540787497186      -35.11482646616651      -33.19977830485804    
   -29.40789019054057      -24.95511386872467      -22.32137579816036    
   -32.17098215865811      -34.15577458443121      -35.42187700716645    
   -34.86160123513666      -33.03843614764244      -31.79505138853481    
   -32.29546834231465      -34.08543554315168      -35.38602817470352    
   -34.96409188763101      -33.07812420987221      -31.62921471402675    
   -35.60069901947847      -35.21457271661745      -33.14649358466428    
   -29.17418864941255      -24.91574249473257      -22.60889632561404    
   -23.54355307882910      -27.18387722050037      -31.51698390760505    
   -34.55554287276983      -35.62247407088012      -35.58943993559531    
   -33.66743196837306      -32.07824319756847      -28.41705720008230    
   -23.01141908942096      -17.90494820503275      -15.32702196231129    
   -16.34066381295976      -20.51198676292385      -25.96004019755802    
   -30.60733935774088      -33.15941558820793      -33.87750611393193    
   -29.12445967899079      -26.39269047958261      -21.18511556226461    
   -14.64267277370842      -9.147655914658843      -6.606513371732606    
   -7.568692520692402      -11.80735966479523      -18.01353054785394    
   -24.06963317115559      -28.10870996565643      -29.56811996299259    
   -16.85679986999833      -14.59094235544567      -8.998605658975189    
   -2.663022238377650     -0.1250065711664224     -2.0491981862020654E-03
  -1.6680700541347938E-02 -0.8595074669230713      -5.756248066815399    
   -12.30696853559487      -15.85948545051821      -18.06073700443527    
   -17.65463655761161      -9.468158905816138      -3.295733754527922    
  -0.1555452690924787      0.0000000000000000E+00  0.0000000000000000E+00
   0.0000000000000000E+00 -1.5570955827027277E-02  -1.134220881024832    
   -5.934746921174769      -13.68994095320202      -19.63304281265650    
   0.0000000000000000E+00 -2.7052647499325025E-02  -1.399813107642045    
   -6.019956474587123      -12.88576190871198      -17.22756979702553    
   -15.38663418637049      -8.772302160175224      -3.372666172328115    
  -0.2515042938884604      0.0000000000000000E+00  0.0000000000000000E+00
  -0.1874319189332838      -1.689728170226293      -6.877471489203542    
   -12.77708170736012      -16.09019298279965      -18.21330183037435    
   -17.17696501566979      -14.60489506875520      -9.964046652801754    
   -3.980811080453963     -0.5539192044498216     -0.1032450674268599    
   -5.503042398383672      -9.866268093536569      -16.23416931937264    
   -21.93043369441757      -25.39823913465305      -26.52684782197474    
   -26.04832269649430      -23.68438069311593      -18.97477804710696    
   -12.79097240494210      -7.275445514508863      -4.600686740786099    
   -14.01953984960337      -18.38680269869141      -23.95997793789106    
   -28.42846420637809      -30.78438691505060      -31.46749007904381    
   -31.18631207602052      -29.68490717121583      -26.23510849807806    
   -21.04324606292934      -15.84547364279188      -13.02223160325472    
   -22.13397671549920      -25.75712451898016      -29.84741733766498    
   -32.44394021903111      -33.20684231959628      -33.14012845498934    
   -33.15784351330201      -32.90334656468368      -31.25755881348917    
   -27.80715911496802      -23.69283839275999      -21.26714171994449    
   -30.20360136292875      -31.98107254787421      -33.12014653952349    
   -32.54724296090352      -30.83412902085799      -29.64146530607623    
   -30.12130077139973      -31.80713033474932      -33.08479433636013    
   -32.74823374551170      -31.05788190737242      -29.71900607598145    
   -33.13681050373029      -32.76919969801251      -30.78849250652353    
   -27.10541767345342      -23.13956130955443      -20.98678440296599    
   -21.84413890972267      -25.20788818199826      -29.26432939721595    
   -32.12331885654424      -33.13728204535848      -33.12725542643964    
   -31.07641692662883      -29.34122149066011      -25.46697923187528    
   -20.10131406313286      -15.16130133742814      -12.65861873923654    
   -13.62319261544771      -17.64108479690609      -23.05110682286756    
   -27.76543911155695      -30.48522082625892      -31.35161839657238    
   -26.10130151197589      -23.44570678633668      -18.26793031801068    
   -11.98007073854033      -6.808926523170107      -4.483645571922280    
   -5.323026349719781      -9.242691657663373      -15.25203714326632    
   -21.16700439835576      -25.10602653004976      -26.54599183403521    
   -18.65417671157898      -16.20680417583822      -10.78939345010190    
   -4.620019277225603     -0.9239061200901837     -0.1877649383984110    
  -0.3744044882095310      -2.358275714006894      -7.541875960788985    
   -13.71582023441864      -17.88746730534689      -19.18749384534565    
   -15.52823779256685      -9.086094451140879      -4.620047867393343    
  -0.4238173643681585      0.0000000000000000E+00  0.0000000000000000E+00
   0.0000000000000000E+00 -4.0749219112638117E-02  -2.150279363656414    
   -6.832832000585353      -12.04305659630095      -17.29182644556655    
  -6.6725741223763908E-03 -0.4736406552918875      -5.544517365255468    
   -13.01665979039277      -18.24775387562493      -22.88981561770560    
   -20.79597314738226      -15.28095035708639      -9.457860427370496    
   -2.234635546312699     -6.9902303118672501E-02  0.0000000000000000E+00
   -14.37378529870679      -19.96917226373216      -27.43880956180271    
   -33.65574941486651      -37.07097260934329      -38.18462593284223    
   -37.66796477875924      -35.33582985670269      -30.53153752896690    
   -23.60523268819918      -16.83049990531307      -13.23709653252400    
   -22.48936399866068      -28.59048475545505      -36.54497692310956    
   -42.77571893453293      -45.77876983218885      -46.59445963944506    
   -46.22388393751444      -44.36697656446820      -39.74767408645443    
   -32.63906497968022      -25.23843024510689      -21.13216993749148    
   -43.70883492046664      -43.62398893533168      -41.52838057074730    
   -37.06223517781892      -32.16752297145740      -29.40081595169113    
   -30.48717931131501      -34.74583813234184      -39.66320946274458    
   -42.93921300188799      -43.88269835674944      -43.64432907135891    
   -22.66793637243316      -13.87209009399582      -5.984584967741965    
  -0.6663764638532229     -1.3313175985046949E-02  0.0000000000000000E+00
  -6.9207303910168128E-04 -0.1200364373847919      -2.619167946136149    
   -9.759380769412372      -18.16796618867721      -25.13559406049398    
   0.0000000000000000E+00 -4.8543597401028669E-02  -3.366127417845997    
   -12.66044619260258      -27.18951835764386      -37.12772617233954    
   -32.70248049439526      -17.99902445475369      -7.876506824509229    
  -0.5970057269289077      0.0000000000000000E+00  0.0000000000000000E+00
  -0.6185196501144167      -4.968386852111829      -16.79523730856413    
   -30.04179736592116      -37.32774393082336      -40.90333052650361    
   -39.83239821382778      -35.21120433285979      -23.95205352816783    
   -10.20941344771452      -1.909787631067694     -0.2933310843336036    
   -10.94001310130973      -20.19673019078632      -34.19163965281328    
   -48.53737651032851      -56.94241617154384      -59.80021204484403    
   -58.88105664505633      -53.26208076015016      -42.13397907032196    
   -27.56246823306917      -15.04119001395289      -9.100945987641960    
   -30.02962849538696      -40.25871098778525      -53.62849548564795    
   -64.63964379025769      -70.68481676859487      -72.60005584329544    
   -71.99260315096799      -68.25491944452881      -59.71843458012545    
   -46.98741695991739      -34.42067308743206      -27.76300175484791    
   -49.72635301781685      -58.58872719222218      -68.94133247336372    
   -75.47228308869032      -77.55485596523702      -77.45158790337533    
   -77.48217076539594      -76.71866239038931      -72.34032408060094    
   -63.69190935320311      -53.58579266780844      -47.63144136722777    
   -70.15980511268383      -74.73918415993089      -77.58188877579457    
   -76.18072720664317      -71.94699513074177      -69.08764541188803    
   -70.18804252398880      -74.25828186112545      -77.25033249654444    
   -76.30866890595975      -72.08256660809452      -68.84349723859420    
   -77.67102783006689      -76.79450181616663      -72.03812273358297    
   -62.97606299703935      -53.30315250205796      -48.04858972296331    
   -50.08808507952378      -58.22663403747134      -68.05280966217232    
   -75.01650947856704      -77.54252769417162      -77.55820010415982    
   -73.90630522095066      -70.28507145831189      -61.87368735587046    
   -49.50777508980927      -37.91716327106379      -32.08956329010525    
   -34.28285218457375      -43.52299771834569      -55.79143021534362    
   -66.42054063669453      -72.41521725234342      -74.25069599984397    
   -62.31019901587320      -56.26445410207074      -44.68495843256477    
   -30.21296942603452      -18.30425367323260      -12.94804868223778    
   -14.92512047897304      -23.88825136292983      -37.38707616740256    
   -50.76500314064551      -59.82062697739561      -63.19395459355384    
   -32.48370399109737      -27.84024243640647      -16.64200457281913    
   -4.585774809656757     -0.1923075680183192     -3.1051662304479332E-03
  -2.5168840137513030E-02  -1.386970184895821      -10.27056144338659    
   -23.13006012075410      -30.30525610853103      -34.87101127313127    
   -33.99640196588388      -17.52940007626336      -5.716241366827411    
  -0.2384344124311361      0.0000000000000000E+00  0.0000000000000000E+00
   0.0000000000000000E+00 -2.3440603032238928E-02  -1.856087287660535    
   -10.67936387549866      -25.91249769253108      -37.97438948874408    
   0.0000000000000000E+00 -4.2172101110051083E-02  -2.432345624638046    
   -11.63915891270369      -26.73196162461055      -36.75840658280367    
   -32.72650362209135      -17.95294209675405      -6.434459402614502    
  -0.4164642447523073      0.0000000000000000E+00  0.0000000000000000E+00
  -0.3049493801792467      -3.018878480901098      -13.52750771995682    
   -26.44352117576474      -34.12970446244460      -39.17086737892321    
   -36.94223839117328      -31.07903072902409      -20.61554933094824    
   -7.702183033589654     -0.9511721004162224     -0.1663269784998550    
   -10.89498454577743      -20.29487509250479      -34.58013826793456    
   -47.79698006714342      -56.04474664360163      -58.88401727661731    
   -57.92572905548886      -52.46257290343512      -41.47473001065013    
   -27.20340816930059      -14.83797672621813      -9.051112445063980    
   -30.27776331181678      -40.30000197450339      -53.32902340528486    
   -63.91665249975382      -69.60164904531018      -71.35855043416997    
   -70.81961423195997      -67.31465029222457      -59.12915798851895    
   -46.84057739005295      -34.64763692178349      -28.06396555023992    
   -49.78659586181494      -58.35075367060649      -68.07613344557882    
   -74.25845955116365      -76.07325481774588      -75.93058534528534    
   -75.99770155509067      -75.41881366370984      -71.49827609684394    
   -63.28644233113744      -53.51152268864509      -47.75319376246267    
   -69.17698747239189      -73.50931921901061      -76.22400731815853    
   -74.73393794488057      -70.53198786449852      -67.63891940195725    
   -68.75946290668757      -72.77718552619274      -75.86083391521319    
   -75.08706303360881      -71.10072885563120      -67.95312498385306    
   -76.05419627048423      -75.22060037437828      -70.44387479060330    
   -61.58881303724581      -52.08570947672371      -46.91520318755693    
   -48.87252117148834      -56.75824696217420      -66.37404837541526    
   -73.24184600753362      -75.79072847032607      -75.90601729775598    
   -70.40589164728523      -66.36715516184947      -57.20592039790250    
   -44.54567585578508      -32.97825066811176      -27.17837924402103    
   -29.33818134384338      -38.50739361916511      -51.04023455599366    
   -62.12440612715660      -68.69873577974724      -70.92322767144299    
   -57.68861402829305      -51.60725468428324      -39.68650338122723    
   -25.34094242922848      -13.84766034758247      -8.860854678719154    
   -10.61753417497579      -19.07493248061932      -32.47702747993836    
   -45.99587387432858      -55.16838090375852      -58.62800169618361    
   -40.00055623679986      -34.49037554343960      -22.36032081032615    
   -9.026881954319006      -1.638245025428645     -0.3102984059965413    
  -0.6323378838772006      -4.364899230775559      -15.11040061823384    
   -28.72441252497049      -38.09705163227173      -41.12395413623232    
   -32.72874514837299      -18.44670795165985      -8.923799148429236    
  -0.7178197530340084      0.0000000000000000E+00  0.0000000000000000E+00
   0.0000000000000000E+00 -6.5498728728566685E-02  -3.936034141556287    
   -13.60690400428684      -24.88647733544378      -36.63631047174847    
  -9.2686292318514638E-03 -0.6799782534015610      -8.479521530153994    
   -20.32459711340496      -28.91026838686022      -36.70875455474513    
   -33.26013564370784      -24.21913036849042      -14.72590977763700    
   -3.349328812693183     -9.7689709196912750E-02  0.0000000000000000E+00
   -25.27836985634556      -35.55526475026546      -49.43150714172636    
   -61.12655010154995      -67.76367082290274      -70.12874439548429    
   -69.36785206423491      -65.03668723682435      -55.72175575024791    
   -42.53947438587549      -29.85830699718580      -23.21193749731059    
   -34.52376196683365      -44.10466446920978      -56.78373297897141    
   -66.81841463694701      -71.76092031131168      -73.16401498344715    
   -72.66459431319282      -69.69419952117821      -62.18859306879033    
   -50.75569176305335      -38.90876510107041      -32.38732667984433    
   -76.74186454177061      -76.58313616085616      -72.79072946401089    
   -64.75271484766796      -55.93696297389219      -50.97524958649286    
   -52.94340550455814      -60.55913868525020      -69.39081412473347    
   -75.32639439649152      -77.05217459992346      -76.60788254266484    
   -33.93506144660348      -20.45312727677538      -8.605277700056849    
  -0.9166069177641060     -1.7699011574620924E-02  0.0000000000000000E+00
  -9.2261001111890596E-04 -0.1612953226734187      -3.712895344419681    
   -14.27458249959301      -27.04335236409803      -37.75079111220915    
   0.0000000000000000E+00   1.655853008229731       62.18586566325465    
    161.0045091765607       277.0572202476081       343.8951915411762    
    308.8343163585895       197.6202147690239       109.3411791110489    
    15.58713130846984      0.0000000000000000E+00  0.0000000000000000E+00
    16.09333529409993       80.04333407141505       194.2384694931511    
    296.8344667322315       344.0143872713917       360.0269822329773    
    349.0786802188661       319.2037806142510       241.7977136252218    
    131.0668604325723       38.59868748991754       8.519145772239286    
    139.9930482913127       221.1383728848154       326.8618589292620    
    419.6601749351321       467.8045533362322       479.2913795111401    
    469.6707640064166       435.7993387149724       368.1827783391586    
    270.0403669497853       174.1505473389684       121.6632824740035    
    291.9889480711410       365.3322541294490       453.0424008334942    
    518.9347492718773       550.4603128268632       556.7149675814036    
    548.9678669106589       527.0108384180837       479.2091162951731    
    402.3056464130559       319.7052339334599       273.6657807300051    
    420.4191088808597       477.5382417791428       539.4981760042731    
    575.7528338166748       583.7510545569420       579.3544819434898    
    576.6640707341400       571.5252192298659       548.2700093709035    
    500.1222751851193       440.8106016953082       405.2880757106200    
    533.2709638800076       560.7009810489425       576.3448915205602    
    566.8130821475553       541.3545605870243       525.0367200510549    
    532.2428201015596       556.2318272849932       573.9211268793229    
    568.2516130500302       543.5644393627761       524.6071114555602    
    578.1156214937167       572.7533453778854       545.6680865826725    
    493.8572984899620       436.8417674847166       405.8541805003424    
    420.8307798367833       472.4266176122728       530.9832178629822    
    569.0940789078936       581.2779311203536       578.7632986827269    
    561.9467651243320       539.7209353781257       489.4365633108938    
    414.4446513883518       339.3890534177559       300.0213798497109    
    316.7716640703890       380.5164655320456       460.3165657372626    
    524.4228367060630       557.9212794335718       565.8827544723459    
    498.6055534853247       460.2192157470648       385.3511176226999    
    286.6590113735302       197.4446932822262       153.6854845925924    
    171.0009189986976       243.1382909618135       341.9103821985931    
    431.5223399562312       486.7238665884312       506.1625881263707    
    315.3552349288623       283.9701757738486       196.3668274768486    
    77.33104526859752       6.066459273295431      0.1066173421396779    
   0.8713719367860183       32.36133472216056       141.9945757246952    
    254.8603344248648       305.8562291271948       334.1185415822765    
    327.8696283206360       201.9643429288710       90.41038790393407    
    7.316835753068828      0.0000000000000000E+00  0.0000000000000000E+00
   0.0000000000000000E+00  0.8263076224697634       40.66362160475376    
    144.7694841996062       272.1686340771425       358.1084290604886    
   0.0000000000000000E+00   1.408185365217503       47.34898169623704    
    148.0078695467930       267.9791680568554       335.1149087523688    
    303.1701034724057       193.0597681962700       92.04686806681678    
    11.25888300029837      0.0000000000000000E+00  0.0000000000000000E+00
    8.691674300763902       54.18898707026403       163.1198312633185    
    266.7929400105629       318.2962061290911       347.9671759027763    
    329.3118342539572       289.3899686248131       214.3307625158720    
    105.0367875838996       22.02866229019188       5.079871127313987    
    134.6627996157794       213.8023485352549       320.1937254765227    
    409.7610999283909       459.7558457452670       473.3021499284226    
    462.9745796958208       427.9711751594660       359.0204985417034    
    262.0096877152980       167.5707455502628       117.0554008265015    
    283.5901558087226       354.1209026784314       440.0512961915321    
    505.1477775947436       536.3115128836225       542.3306680100778    
    536.0725366905202       514.3795967650633       466.1842063079469    
    391.0841601464979       311.6830357181774       266.5415675712443    
    409.0226188138067       463.7629571903036       523.2735417731790    
    558.9517551584438       567.3251945202129       563.8828291545445    
    563.0889264643827       558.7291163991457       536.1016362953252    
    488.2918113870834       429.5408173708771       394.6228576045473    
    521.5895606512602       547.7340851131022       563.4426863153269    
    553.8741184236696       528.3404674792150       511.1862048718179    
    518.5880416959417       542.7373753819304       561.3597531242361    
    556.8985248677153       532.9203005219233       513.9966014591149    
    566.5793116537287       560.6855606451868       532.4097566253116    
    480.0422027282101       422.3488958506535       390.5291638486360    
    404.3330861637183       455.0454242871823       514.5169757698633    
    554.9881243608394       568.4623472465959       567.3262952503434    
    539.4680460746570       514.0718587154830       457.8882407580979    
    378.1635136223667       300.7400382731224       260.1318178892321    
    276.5898038420615       341.5660752704432       425.0688454158890    
    494.7610998904056       533.4064404898494       544.5883638149932    
    468.8565518630553       429.3954760472312       350.5321947218472    
    249.3195801322825       159.3046160586384       115.2303596547762    
    131.9854162028151       203.9818553116917       305.2491574109422    
    398.0018218086464       456.3653107567272       476.6730990760840    
    357.2938620847960       319.0878604170196       230.3776190760512    
    118.5281477029209       33.63452162357656       8.820510954916122    
    16.09441894777133       71.53068943470117       177.3982945856359    
    284.5390436405780       347.7625206183860       365.8923392494876    
    309.8342356804841       203.0982901713720       121.4097193256529    
    18.15805811556107      0.0000000000000000E+00  0.0000000000000000E+00
   0.0000000000000000E+00   2.220604704059410       69.63072951808118    
    169.1533825901253       256.5654007483326       338.3278021628398    
   0.3362448402174977       18.99129202277465       128.2175363275256    
    238.9491240132772       308.0674507584376       360.6401535289314    
    332.6800068350224       263.2898804174782       186.8832948771760    
    63.45139449876845       3.412119024399970      0.0000000000000000E+00
    265.2438941247106       344.2728301021768       440.6691998879837    
    520.4541724651713       554.5019042153141       565.5078672073713    
    553.7116809118710       524.3074484793819       469.2461631107563    
    389.5856141394606       299.6519359701663       247.5994349126524    
    350.9917768552268       424.5344871857940       510.1025199639623    
    572.2988800266500       596.9709603466142       596.4932105216905    
    588.1767016021111       569.8271242521503       526.7930644432582    
    459.6733787032043       381.0574665130261       334.6340141525755    
    599.4788281761695       600.9472784161688       577.5152541991976    
    530.2310993018011       478.6621323862540       446.5463533190407    
    461.4868804467778       510.5934491628908       563.1284266306360    
    596.7221774922343       605.0555396168317       601.0076891253859    
    354.1575236418101       245.5944855816868       133.6510926371880    
    25.19295932659106      0.6621260077226846      0.0000000000000000E+00
   3.4934645263088863E-02   5.827875233671953       74.56044989684503    
    193.9446586298272       302.6529400879945       381.9167737613203    
   0.0000000000000000E+00   1.711508799496317       63.46591697613359    
    164.9571583512681       284.7902161084980       354.1216086062453    
    317.9516656789551       203.0074781430497       111.9878773564555    
    15.98872794761858      0.0000000000000000E+00  0.0000000000000000E+00
    16.51259749610322       81.81328144066353       199.1844719488749    
    305.2334147107614       354.2321899071534       371.0014658090113    
    359.7302179814801       328.7537586126910       248.5938159615401    
    134.3558423018717       39.50191656278660       8.793040168226986    
    143.4566119661969       227.0294258470760       336.3589230060823    
    432.8467115666868       482.9859912800304       495.0823915130840    
    485.1820887353862       449.9606246920059       379.6996364995809    
    277.8166743351138       178.7513382179749       124.6839991302955    
    300.5463520938505       376.5444332361568       467.7738141960041    
    536.5697366847146       569.5452419811036       576.1047721827513    
    568.1864415033245       545.3866648637955       495.4653679899087    
    415.2580781564963       329.4410475706973       281.6437855667007    
    433.9510618571654       493.3083269461405       557.9641495244399    
    595.8650267363302       604.3066750703375       599.8341856723603    
    597.2525125312441       591.9468871796869       567.5178364237736    
    517.1031190770682       455.2417286379609       418.2110066773438    
    552.1541282787767       580.7162827738662       597.0755206913569    
    586.9976272813860       560.3412223555661       543.3270176510550    
    550.9115205927508       575.9722749191853       594.3574598917759    
    588.3231150447886       562.6229166395640       542.9943589728973    
    598.9441185166164       593.3245833125081       565.0227068815817    
    510.7976710871879       451.2174286813770       418.8636017233621    
    434.3566068214891       488.0036202319562       549.1158779989898    
    589.0190254173729       601.8938073087305       599.4179758453904    
    581.3262253768154       558.3261545320246       506.0100921417551    
    427.8409747240808       349.7839544196378       308.9386374517297    
    326.2145590789436       392.2551202498114       475.2116818999829    
    542.0944338260601       577.0350510733806       585.3138521340784    
    514.8946417262194       475.1215676855127       397.5339618547306    
    295.1134218492546       202.8171619387503       157.6310511383945    
    175.4275818582766       249.8372678793281       352.0084729563465    
    445.1440082034594       502.4567269679408       522.7378703150110    
    324.6572583195048       292.1223372384909       201.5465367485916    
    79.04242443032138       6.252041586831305      0.1105094129605286    
   0.8997602800153903       32.98237784279028       145.1551040130743    
    261.6005267394166       314.5640954448946       344.0515151059568    
    337.4473246843596       207.2883899857416       92.43253096798179    
    7.523566501219563      0.0000000000000000E+00  0.0000000000000000E+00
   0.0000000000000000E+00  0.8489573199834064       41.41492648984115    
    148.0835005741520       279.5813072994961       368.7116162273259    
   0.0000000000000000E+00   1.462604415568887       48.34558614067139    
    151.5217101143038       275.1777706647948       344.6876815633483    
    311.7833794656326       198.1326542824811       94.22304472574349    
    11.61043015438389      0.0000000000000000E+00  0.0000000000000000E+00
    8.992290499922174       55.43070434316599       167.1393383066480    
    274.0677551324486       327.4032233724225       358.1925283618706    
    338.9691707205437       297.6605938904714       220.0763212307865    
    107.5009403910257       22.57333744801114       5.265211707015165    
    137.9349746729250       219.4425211718331       329.3826621935290    
    422.3058931486801       474.2397748420290       488.4052178519213    
    477.7769958829460       441.4719292031660       369.9769359496348    
    269.4236409657092       171.9096723135551       119.8842781367118    
    291.7339135064759       364.7389400630024       453.9520271583340    
    521.7291697773427       554.2325653771331       560.5272055675132    
    554.1441786682940       531.6840020984315       481.4883285173706    
    403.3204608919966       320.9387038032879       274.1562974644282    
    422.0026928761353       478.8451986749777       540.8636041118042    
    578.0625867721881       586.8435594287779       583.3223879345258    
    582.6430106733326       578.1565520645331       554.4651491143088    
    504.5233779790157       443.3654476223974       407.0400635945430    
    539.5409213078378       566.7489163979743       583.1263133506725    
    573.0245382283773       546.3293377370850       528.4592123261681    
    536.2273868415468       561.4110042736344       580.7500811397105    
    575.9885073991557       551.0720053546037       531.5038788745954    
    586.3045970066129       580.1662172918783       550.6944510902880    
    496.0287058107722       435.8832702651573       402.7526190253898    
    417.0423005501141       469.7021349231235       531.5927132634274    
    573.8097929514453       587.9711279885925       586.9018549174373    
    557.4584016012990       531.2088296198981       472.8787933180212    
    389.9630910270288       309.6275107858314       267.5796927692287    
    284.5383617043056       351.7520302526329       438.4125577448695    
    510.9388257011491       551.0938135714117       562.6999850828980    
    483.5921101636534       442.7819176258185       361.1683173464935    
    256.3363699272251       163.3980705377730       118.0052065891582    
    135.1873362387520       209.2935853892683       313.8690335515677    
    410.1010462230573       470.5646004934650       491.6913973885333    
    367.7213984433472       328.2746369897096       236.6476018956598    
    121.3692327949974       34.41858120725466       9.093158795319296    
    16.53198192537138       73.08679774215537       181.6171514450657    
    292.2449907148258       357.7355315801937       376.6126079544947    
    318.4454502049893       208.3161157799457       124.2226403328164    
    18.60602949456606      0.0000000000000000E+00  0.0000000000000000E+00
   0.0000000000000000E+00   2.287833842987772       70.94650494249305    
    173.0545911210579       263.2771073847979       347.8717600833168    
   0.3453345804497496       19.39724803027079       131.4647591119306    
    246.2272286870073       318.0505663306297       372.9873257520249    
    343.9355909234803       271.7313744695632       192.2769957015281    
    64.92874842365184       3.504263967909431      0.0000000000000000E+00
    273.4300555886464       355.5172597312780       456.0283255383970    
    539.3057242240844       575.1421717017312       586.6520708375280    
    574.5477587418761       543.9424078015691       486.3299280896538    
    402.8531270341976       309.2500708335239       255.2068857319543    
    363.3014915154611       440.0662401712337       529.8583563956245    
    595.4206446928634       621.6181850454800       621.4132761671711    
    612.9365141750625       593.7131369235118       548.2703055870744    
    477.3717157554058       394.9057097768741       346.2567617703527    
    623.6468464875712       625.0605160398904       600.4732099385238    
    550.6585487222134       496.3669869335108       462.7295950272925    
    478.2526567800986       529.6632073406821       584.8281186047437    
    620.2147372503792       629.1313354108282       625.0274194694637    
    366.2473791705495       253.3000951419711       137.1770846967151    
    25.70402419622545      0.6764724497844867      0.0000000000000000E+00
   3.5676060716162292E-02   5.940936826534067       76.15949353676402    
    199.3423582938070       312.3939764325214       395.2311522996127    
   0.0000000000000000E+00   1.742908191221340       64.83144498554338    
    169.7478936245955       294.6177665914650       367.3684124060758    
    329.7383781213912       209.6821040599615       115.0503041586988    
    16.28393352844324      0.0000000000000000E+00  0.0000000000000000E+00
    16.81887341802311       83.80174482239279       205.4266799023388    
    316.0385382545675       367.4155075290072       385.3711971490568    
    373.8330470334836       341.3334942277249       257.3251343530832    
    138.2829126199518       40.33261621089623       8.960048404762276    
    147.6957520419350       234.5839584241441       348.7314878116454    
    450.1090048656968       503.0611011096930       516.2056178406490    
    506.1233938593385       469.0189522365497       394.9078498718517    
    287.9344232206696       184.4587778261989       128.2520513655079    
    311.6859481504145       391.2528365254662       487.0882046092713    
    559.7300334473017       594.8910733762522       602.2177282952905    
    594.1787938896292       570.0272268676129       517.0486246528351    
    432.3219303727511       342.0809820133229       291.9618649780584    
    451.6076507223268       513.9171583615978       582.1105493896797    
    622.3456367854992       631.6704956679641       627.3789045762497    
    624.8727943218609       619.2050764806065       593.1253238940482    
    539.5906139597944       474.2374134032766       435.1549998748405    
    576.9664824831339       607.0158361816724       624.4739371348575    
    614.0634509607461       586.1226892405920       568.1945967522544    
    576.1292681264900       602.5651685509891       622.0013305215656    
    615.6709305362534       588.4414810999397       567.5103588536765    
    626.5646510830533       620.5440152969525       590.6544952723423    
    533.2613495737264       470.4060552906632       436.2494282752199    
    452.4283106129172       508.9322846804551       573.4616104028003    
    615.9076225109012       629.6166164679422       627.1256804775265    
    607.5045373965983       583.1963334456981       527.9724773527346    
    445.5667054040780       363.5248857029939       320.6592873818894    
    338.7358838162684       408.0528258176695       495.2848277533113    
    565.8951679813229       602.8530549277585       611.6936832253318    
    537.3372167807232       495.4554287118038       413.7507326093548    
    306.2300163471377       209.6743101697939       162.5730797624076    
    181.1267542901120       258.7967994067527       365.7202701675503    
    463.5027980267467       523.9115849005301       545.3356430086959    
    336.7545683018646       302.6462788903534       208.0311679571978    
    80.94744684879494       6.368070053464002      0.1127142242184129    
   0.9166178409677157       33.59905776506731       149.2289298024557    
    270.3955888250642       325.7705449865829       356.8964994074336    
    349.8302341590275       213.9095671958887       94.72534502600682    
    7.656858447631769      0.0000000000000000E+00  0.0000000000000000E+00
   0.0000000000000000E+00  0.8634622636335052       42.20386469941643    
    152.2446686182269       289.0511509444883       382.3819064250849    
   0.0000000000000000E+00   1.490573340231716       49.31851186373687    
    155.7143124502167       284.2641752701870       357.0095712734593    
    322.8898976016363       204.4032297660871       96.63228128604129    
    11.83230210244095      0.0000000000000000E+00  0.0000000000000000E+00
    9.170947809188318       56.66892673226548       172.0706338169834    
    283.3105850397403       339.0830645502397       371.5031844090764    
    351.6442952482695       308.4337211423189       227.3800973405376    
    110.3896495803062       23.00505503447575       5.366994893160855    
    141.9744310999800       226.7061125440244       341.3844004464298    
    438.6754314121227       493.3599983487011       508.5419675717908    
    497.7584679261872       459.6599969147039       384.4480684234563    
    279.0486683007484       177.3048197590552       123.2619181356552    
    302.3344489845798       378.6297183401027       472.1208427203298    
    543.4512831497998       577.9504285652741       584.9803086887965    
    578.4789390099812       554.7850229282282       501.7883462812838    
    419.4713105513120       332.9765827925133       284.0159981414302    
    438.8851297819638       498.5012107233985       563.7477683682563    
    603.1697163074505       612.7635550976787       609.4160241251881    
    608.7626608935777       603.9945365107958       578.8813747026870    
    526.0864624066641       461.6318701572076       423.3216767139754    
    563.0529634953000       591.6423179334535       609.0756216229728    
    598.6274230984154       570.7011525751018       551.9319589603497    
    560.0507687137400       586.5089452140930       606.8701735941670    
    601.8612152443781       575.5598075373522       554.7768150169500    
    612.3645878969747       605.8514544414978       574.8461015334515    
    517.2241959076058       453.9835644968769       419.1058547632805    
    434.0534323171776       489.3812854060710       554.5434095053330    
    599.1647888579887       614.1373688785158       613.0801953631549    
    581.9123294856316       554.2570542756081       492.7973581176541    
    405.5837396036290       321.3234632741235       277.3021239662439    
    295.0270356139450       365.4046602655612       456.3610735808863    
    532.6731818463176       575.0275438022099       587.3541143332881    
    503.7483058689562       460.9094075497360       375.2153788001172    
    265.4452461774277       168.5087789815941       121.3655070688684    
    139.1935377097074       216.3025401302305       325.5071725826149    
    426.2339402336412       489.7819753731130       512.0733291152454    
    381.5602643879265       340.3222173037182       244.6265144019163    
    124.7488465901748       35.12218290683126       9.264326517068294    
    16.85083635811015       74.83287015742172       187.1437240046979    
    302.3359771440384       370.8083340640637       390.7283145975757    
    329.5470399598316       214.7868174063236       127.5188090475451    
    18.94258653456952      0.0000000000000000E+00  0.0000000000000000E+00
   0.0000000000000000E+00   2.328299433073546       72.46667977067059    
    177.9596374706400       271.7397189513496       360.1338502378985    
   0.3521933565928304       19.82899469116151       136.3064290248442    
    257.2348398413405       333.0674018550229       391.8835826795474    
    361.1045519810899       284.3933485717409       200.2265306684920    
    66.85943062924784       3.574554092084285      0.0000000000000000E+00
    284.8887475673043       371.3624136985387       477.7208204067273    
    566.0267208504971       604.6200145557425       617.3093004637567    
    604.9686680957562       572.4974261172759       510.7771399607973    
    421.7488048462573       322.6148823423976       265.6987310642084    
    381.5736088031183       463.3026995519371       559.6637241207809    
    630.5470974510303       659.4922746690030       660.4476505843459    
    651.7326450076438       630.7940099322741       581.2827832716472    
    504.1404453483305       415.4534148891657       363.4416684139026    
    659.1197684215390       659.9638231126593       633.8899172202613    
    580.6041981187115       522.2231472720791       486.4718108898231    
    502.8802575347036       557.8574243201692       617.4031317291351    
    655.7942424286873       665.1782248941876       660.6331842464441    
    384.2930728078139       264.5001689798037       142.0362491682142    
    26.25637325671885      0.6881450357746397      0.0000000000000000E+00
   3.6297482170126003E-02   6.045151073785330       78.39304703583632    
    207.3920051760412       326.9725441887151       415.2729005702930    
   0.0000000000000000E+00   1.794591046442136       68.09029937033559    
    181.5525754955772       319.7332362999782       401.7823338403800    
    359.7894583327800       226.0002335112904       122.2340600820062    
    16.86579099162225      0.0000000000000000E+00  0.0000000000000000E+00
    17.44979731606745       88.69277780673274       221.8068890550791    
    345.2810439356343       403.3716010665026       423.8734080438599    
    411.0164145261830       374.1370152818879       279.5823419822430    
    147.8320948367483       42.18494522480951       9.265901360010512    
    157.9619191964783       253.7581448842495       381.6043641889418    
    496.7182852225217       557.3576809318048       572.5864515102750    
    561.2469980293208       518.6659438706535       433.9368283980603    
    313.3216158124965       198.2853730650676       136.7183876748976    
    338.5438957368374       427.8277473612503       536.4227899778547    
    619.7138073179510       660.4406727496089       669.2699432345719    
    660.3073555097051       632.4402261393610       571.3801856053331    
    474.6804716146567       372.8046574217739       316.6204043883492    
    496.3311394960726       567.2088522652422       645.4149214108922    
    692.2297944029868       703.6246919644110       699.0862546966141    
    696.3189956328358       689.7248775739585       659.4089101043637    
    597.5291885079960       522.6105245828589       477.9203510731624    
    640.5113997921452       674.7168042588725       695.1574328645678    
    683.9128068780980       652.1903540162751       631.4723329678513    
    640.4561320887570       670.7689547601047       693.0948366231412    
    685.8505395479212       654.3856829103255       630.1356076599535    
    697.5078914017388       690.4100984985899       656.0413400261017    
    590.1553808116630       518.4612152179482       479.6554557961407    
    498.0035964724927       562.4979825091525       636.4610442885427    
    685.4845392835006       701.3008572382788       698.4050969433772    
    676.6245374095727       648.5193106938063       585.0111602690265    
    490.8795739059588       398.0559360738602       349.8694558638016    
    370.1297172424651       448.5220371159547       547.8615116783727    
    628.9441766788451       671.4575102277071       681.5862103643886    
    596.6051735190915       548.5640916437063       455.4391414697567    
    334.1517142057066       226.5268427373453       174.4735618616011    
    194.9464175797240       281.3048163639777       401.5774850267993    
    512.6909198138045       581.6764928461843       605.9154039888500    
    366.1788738214846       327.5224349968971       222.6689575013857    
    85.07459248700292       6.557822264058668      0.1159258425710837    
   0.9426726311304157       34.93712540476814       158.5324558663544    
    291.0360632272270       353.2714603298901       388.7425573556716    
    380.3799276177144       229.3359209991345       99.79865973462682    
    7.887459104251446      0.0000000000000000E+00  0.0000000000000000E+00
   0.0000000000000000E+00  0.8875749483600213       43.95740876411519    
    161.8268988547708       312.4032691691816       416.8429904006854    
   0.0000000000000000E+00   1.538712864401840       51.85083976816239    
    167.4076107352201       310.5608595986012       392.8783931420048    
    354.4096762831888       221.4859642767173       102.8442566833683    
    12.27646743199157      0.0000000000000000E+00  0.0000000000000000E+00
    9.513488406448593       59.78726555636348       185.8063570913415    
    309.9088227861278       372.6836989851434       409.4347172205700    
    387.0860183929241       338.1729644907351       247.0879085663334    
    117.8103337023813       23.98850114438262       5.555316351129535    
    152.4518890385706       246.4591125263960       375.4859859116243    
    486.0361515771921       548.5462639283575       565.9331643618194    
    553.8196520092717       510.1512734484953       424.0642175814253    
    304.8498293586460       191.3380915881831       131.8926103855704    
    330.5248285764911       416.6899917607342       523.1900585385021    
    605.2131555273388       645.2274858738701       653.7259383372905    
    646.5457843506716       619.1894652222704       557.9160825888928    
    463.4861312214385       365.2015126726962       309.9911894360659    
    485.0154449563427       552.9839424870878       627.9629980279694    
    673.8113317768371       685.4449473898538       682.0635382116019    
    681.4125117558962       675.9334424306586       646.7979093122874    
    585.6762492504823       511.5412099937076       467.5612678716465    
    628.2963740542497       660.8704336744661       681.1294327605887    
    669.7068520213143       637.9476906351218       616.3239169787005    
    625.5014529290935       655.9830454158212       679.3717872640241    
    673.5602182617685       643.1374192667923       619.0702284285661    
    684.4603665374220       676.9028244114551       641.1953105833130    
    574.9124437304503       502.5648200134132       462.8320612159188    
    479.7907627472877       543.0357307763090       617.8953051768373    
    669.4197249948336       686.6932716849694       685.3914559862960    
    649.5822594459629       617.5771566988435       546.9243157757347    
    447.3995174644191       352.1049509221344       302.6197367817260    
    322.4769407136262       401.9847706541784       505.6007726337627    
    593.2193399691411       641.9055246902759       655.9852366357907    
    560.2114375502541       510.9485860535266       413.2671809403053    
    289.4756967945484       181.6334169713690       129.8306205342439    
    149.3922188815957       234.8364004161304       357.6143187311581    
    472.0554874707574       544.6187184120140       569.9223346461373    
    420.6493670921651       373.8187976482153       266.1389431409708    
    133.4342110574786       36.77833504270349       9.606985429099414    
    17.53632886863187       79.31273449477609       202.4753625915738    
    331.2047835590583       408.7268537856856       431.2246789857194    
    361.3789882345454       232.5025760735908       136.1153348638901    
    19.67329058732144      0.0000000000000000E+00  0.0000000000000000E+00
   0.0000000000000000E+00   2.401446104258291       76.44235435803041    
    191.4053627544374       296.2665855522350       396.1766859495851    
   0.3587466797723635       20.28838740071014       141.3908764059255    
    269.3575553344969       350.7501710889017       415.6862608369933    
    382.7373177319491       299.8996978884808       209.0727486753894    
    68.97706690028315       3.642083213861333      0.0000000000000000E+00
    304.0514818668278       398.6933312885266       516.4860113878774    
    614.5079142247205       659.2006473999184       673.8115549758251    
    660.5645544341837       624.1760859463070       554.7151458126835    
    454.6956403988347       345.3198419532328       283.1665690734697    
    402.0784568997403       489.6947942461836       594.9242194519416    
    673.3211039466115       706.4765008455910       708.4405345950216    
    699.2263653728812       676.2246471562245       621.4587674480816    
    536.1349485879381       439.0467772864355       382.4719314352770    
    716.5475701227357       717.6765889081361       688.4620291702469    
    628.8410322327863       563.9132156524713       524.2013411373559    
    542.1965011253347       603.2867123973746       669.6764639939363    
    712.6027797513989       723.4156683935747       718.4349352665023    
    402.5260538470209       274.7407743686888       146.1785920436030    
    26.73063189098008      0.6981840200043367      0.0000000000000000E+00
   3.6831472680339983E-02   6.133544044943402       80.23823763977948    
    214.4707630103876       341.0938411114692       436.1921510730912    
