   -1370.000000076491      -1370.000000076491      -1370.000000076473    
   -1370.000000076516      -1370.000000076573      -1370.000000076459    
   -1370.000000076516      -1370.000000076431      -1370.000000076487    
   -1370.000000076491      -1370.000000076491      -1370.000000076491    
   -1370.000000076633      -1370.000000076573      -1370.000000076629    
   -1370.000000076146      -1370.000000076800      -1370.000000075891    
   -1370.000000076004      -1370.000000076203      -1370.000000076601    
   -1370.000000076658      -1370.000000076395      -1370.000000076494    
   -1370.000000076288      -1370.000000077454      -1370.000000074896    
   -1370.000000076288      -1370.000000077596      -1370.000000076232    
   -1370.000000079415      -1370.000000077425      -1370.000000078676    
   -1370.000000077141      -1370.000000076402      -1370.000000074881    
   -1370.000000076118      -1370.000000076800      -1370.000000076004    
   -1370.000000076914      -1370.000000077368      -1370.000000075891    
   -1370.000000074015      -1370.000000076857      -1370.000000075891    
   -1370.000000075606      -1370.000000076828      -1370.000000076715    
   -1370.000000075436      -1370.000000075379      -1370.000000075436    
   -1370.000000077539      -1370.000000074697      -1370.000000077880    
   -1370.000000077425      -1370.000000076857      -1370.000000077141    
   -1370.000000076629      -1370.000000076345      -1370.000000076232    
   -1370.000000076061      -1370.000000076800      -1370.000000078221    
   -1370.000000076743      -1370.000000076629      -1370.000000075095    
   -1370.000000076402      -1370.000000077766      -1370.000000076629    
   -1370.000000076288      -1370.000000075152      -1370.000000077539    
   -1370.000000076743      -1370.000000076516      -1370.000000075436    
   -1370.000000076800      -1370.000000077596      -1370.000000076288    
   -1370.000000076516      -1370.000000076175      -1370.000000077084    
   -1370.000000076857      -1370.000000078051      -1370.000000076686    
   -1370.000000076857      -1370.000000075834      -1370.000000077027    
   -1370.000000075891      -1370.000000076573      -1370.000000076715    
   -1370.000000076487      -1370.000000076004      -1370.000000075834    
   -1370.000000076118      -1370.000000077027      -1370.000000076914    
   -1370.000000076516      -1370.000000076516      -1370.000000076516    
   -1370.000000076487      -1370.000000076487      -1370.000000076516    
   -1370.000000076516      -1370.000000076487      -1370.000000076459    
   -1370.000000076459      -1370.000000076459      -1370.000000076516    
   -1370.000000076374      -1370.000000076374      -1370.000000076431    
   -1370.000000076431      -1370.000000076496      -1370.000000076490    
   -1370.000000076491      -1370.000000076516      -1370.000000076459    
   -1370.000000076516      -1370.000000076516      -1370.000000076601    
   -1370.000000076715      -1370.000000076374      -1370.000000076516    
   -1370.000000076505      -1370.000000076491      -1370.000000076491    
   -1370.000000076491      -1370.000000076488      -1370.000000076566    
   -1370.000000076558      -1370.000000076686      -1370.000000076573    
   -1370.000000076491      -1370.000000076490      -1370.000000076431    
   -1370.000000076544      -1370.000000076317      -1370.000000076232    
   -1370.000000076516      -1370.000000076431      -1370.000000076487    
   -1370.000000076487      -1370.000000076491      -1370.000000076491    
   -1370.000000076551      -1370.000000076530      -1370.000000076260    
   -1370.000000076800      -1370.000000076971      -1370.000000076345    
   -1370.000000075606      -1370.000000076544      -1370.000000076345    
   -1370.000000076658      -1370.000000076501      -1370.000000076523    
   -1370.000000076914      -1370.000000076516      -1370.000000076743    
   -1370.000000078733      -1370.000000076573      -1370.000000074697    
   -1370.000000077027      -1370.000000074072      -1370.000000075606    
   -1370.000000076715      -1370.000000076175      -1370.000000076146    
   -1370.000000076544      -1370.000000076118      -1370.000000079415    
   -1370.000000080324      -1370.000000078392      -1370.000000075891    
   -1370.000000078278      -1370.000000073105      -1370.000000076459    
   -1370.000000076516      -1370.000000077482      -1370.000000076999    
   -1370.000000075891      -1370.000000080211      -1370.000000072139    
   -1370.000000077994      -1370.000000074015      -1370.000000077027    
   -1370.000000078051      -1370.000000080495      -1370.000000075095    
   -1370.000000079870      -1370.000000080097      -1370.000000077937    
   -1370.000000070377      -1370.000000091238      -1370.000000071229    
   -1370.000000074128      -1370.000000070434      -1370.000000079358    
   -1370.000000075038      -1370.000000070149      -1370.000000078903    
   -1370.000000062305      -1370.000000076175      -1370.000000081120    
   -1370.000000084076      -1370.000000082996      -1370.000000072196    
   -1370.000000074697      -1370.000000075947      -1370.000000077425    
   -1370.000000073730      -1370.000000081006      -1370.000000070263    
   -1370.000000077937      -1370.000000083735      -1370.000000077198    
   -1370.000000074072      -1370.000000076573      -1370.000000072991    
   -1370.000000076004      -1370.000000076828      -1370.000000076857    
   -1370.000000079216      -1370.000000074924      -1370.000000077084    
   -1370.000000082428      -1370.000000072991      -1370.000000078505    
   -1370.000000074299      -1370.000000073333      -1370.000000072309    
   -1370.000000076061      -1370.000000076971      -1370.000000076729    
   -1370.000000076544      -1370.000000075891      -1370.000000077823    
   -1370.000000074924      -1370.000000074469      -1370.000000079756    
   -1370.000000073503      -1370.000000077283      -1370.000000075777    
   -1370.000000076075      -1370.000000076359      -1370.000000076473    
   -1370.000000076384      -1370.000000076246      -1370.000000077539    
   -1370.000000076686      -1370.000000077766      -1370.000000073446    
   -1370.000000076516      -1370.000000076487      -1370.000000076473    
   -1370.000000076494      -1370.000000076491      -1370.000000076490    
   -1370.000000076490      -1370.000000076494      -1370.000000076501    
   -1370.000000076487      -1370.000000076487      -1370.000000076573    
   -1370.000000076491      -1370.000000076491      -1370.000000076487    
   -1370.000000076516      -1370.000000076516      -1370.000000076487    
   -1370.000000076544      -1370.000000076487      -1370.000000076487    
   -1370.000000076487      -1370.000000076488      -1370.000000076490    
   -1370.000000076431      -1370.000000076573      -1370.000000076459    
   -1370.000000076516      -1370.000000076459      -1370.000000076573    
   -1370.000000076402      -1370.000000076459      -1370.000000076516    
   -1370.000000076459      -1370.000000076516      -1370.000000076487    
   -1370.000000076914      -1370.000000076800      -1370.000000076118    
   -1370.000000076573      -1370.000000076573      -1370.000000076800    
   -1370.000000076459      -1370.000000076743      -1370.000000076516    
   -1370.000000076743      -1370.000000076516      -1370.000000076317    
   -1370.000000076516      -1370.000000076516      -1370.000000076459    
   -1370.000000076516      -1370.000000076516      -1370.000000076402    
   -1370.000000076459      -1370.000000076573      -1370.000000076516    
   -1370.000000076459      -1370.000000076516      -1370.000000076402    
   -1370.000000076288      -1370.000000076487      -1370.000000076587    
   -1370.000000076480      -1370.000000076490      -1370.000000076490    
   -1370.000000076491      -1370.000000076493      -1370.000000076416    
   -1370.000000076459      -1370.000000076431      -1370.000000076573    
   -899.2621291313565      -919.9542799947164      -1315.033175036660    
   -1358.726858741306      -1374.495322436445      -1378.739391235939    
   -1375.213393110414      -1366.625703689408      -1345.943753789740    
   -1186.490174593139      -893.4718190080791      -894.7308652609523    
   -1195.652508508179      -1330.546629938397      -1363.265125499936    
   -1371.668289876709      -1372.980373369529      -1371.385733480622    
   -1370.834444167372      -1369.337907880208      -1364.835158762588    
   -1347.074075893573      -1281.039286818064      -1098.500773140064    
   -1351.586866348811      -1363.717109970878      -1369.351498022837    
   -1368.005424725595      -1368.964790297809      -1371.171323742203    
   -1366.465007245552      -1366.002325035652      -1367.752092641297    
   -1363.936909749128      -1354.700658816796      -1345.938782089163    
   -1364.699613088987      -1367.721280830892      -1366.233302475734    
   -1369.118899798934      -1370.943921186210      -1371.497181102029    
   -1367.254340971840      -1360.448168575090      -1367.650050764155    
   -1361.445852828183      -1364.439729807287      -1362.508233196422    
   -1366.206734775062      -1367.729429785641      -1368.143217512170    
   -1369.584550344484      -1369.846716051200      -1369.810670190304    
   -1369.046631600327      -1368.318784744815      -1368.736322488871    
   -1364.862472318009      -1364.710715098113      -1366.058612051631    
   -1365.301633138699      -1369.083282629560      -1369.979631435228    
   -1362.941807445452      -1366.380940769204      -1362.074490808880    
   -1365.596468663171      -1367.239417308042      -1368.013887771212    
   -1366.807626541288      -1368.760413328062      -1366.208390798079    
   -1377.092306788313      -1365.070707016343      -1368.287926522441    
   -1355.967908695050      -1358.421648712010      -1365.289767776517    
   -1365.772586857190      -1368.110894775384      -1372.499716188770    
   -1368.952096154089      -1372.722587628175      -1373.830633192256    
   -1373.141335044636      -1350.665790703317      -1358.191450146023    
   -1354.976067908240      -1364.312761431961      -1344.449256117230    
   -1363.989426123482      -1365.814301834860      -1347.406837471738    
   -1365.583525509578      -1371.911566149493      -1371.038652737468    
   -1370.047597227710      -1350.815453100267      -1366.695273646201    
   -1360.658538050302      -1357.909865926644      -1351.085919377624    
   -1355.888261854830      -1363.374340514667      -1365.912009179510    
   -1370.890541968549      -1372.288056968841      -1371.282755759978    
   -1376.315312019301      -1373.162260288666      -1363.163805015461    
   -1324.862835482634      -1027.932626609861      -896.3700644851866    
   -907.6796206755696      -1265.808549307671      -1354.529206670079    
   -1370.082387533813      -1375.088385766276      -1377.600168482019    
   -1378.473511341923      -1366.922071084844      -1335.967277980117    
   -1060.676899898599      -896.5269229025328      -899.0506744305856    
   -904.2296209042478      -915.2330948632982      -1287.305012887160    
   -1355.482774575577      -1373.817938707134      -1379.782310916767    
   -905.0125405241550      -922.7686382757021      -1302.414288968812    
   -1356.109211669533      -1372.818645313544      -1376.507648020834    
   -1373.388635816355      -1365.443787551385      -1340.664632980392    
   -1152.408233085275      -900.2523560893361      -900.7342886467005    
   -1115.988609569353      -1312.267630223474      -1357.351208937729    
   -1367.401117763450      -1371.514670952990      -1371.867182946971    
   -1370.357211519035      -1368.140668766472      -1361.607229686399    
   -1340.644476130919      -1235.863394252814      -1028.423765430681    
   -1348.514278744830      -1359.945613599876      -1365.794096820764    
   -1367.929555186095      -1369.399766319020      -1370.741691608600    
   -1369.609751872645      -1369.105970210740      -1367.327190665776    
   -1364.257242801585      -1356.178410920990      -1345.155203338052    
   -1362.378540696568      -1364.672859466737      -1365.024723690965    
   -1365.992704705036      -1365.817821369831      -1364.986120795379    
   -1362.492398391282      -1362.983709717241      -1363.879107851687    
   -1363.609755575396      -1363.505924231220      -1362.505292334419    
   -1360.128397167330      -1362.348703768362      -1362.303201772932    
   -1360.300150957130      -1361.894405486225      -1361.275667526911    
   -1361.702304151663      -1361.702850379174      -1362.152945613786    
   -1361.631005498111      -1360.646214979852      -1361.030901988840    
   -1363.036601483088      -1359.714045973135      -1363.462562895450    
   -1362.468758529246      -1363.380904054964      -1362.270177546918    
   -1362.742104547408      -1363.252722890650      -1363.953389017524    
   -1363.777855592218      -1364.031222262383      -1361.649615700628    
   -1362.895849235088      -1361.576141162345      -1363.010169413144    
   -1356.275523524573      -1359.492371997874      -1359.930880232753    
   -1360.081760332548      -1361.913654481384      -1363.359769544502    
   -1363.693800814985      -1363.840758014874      -1363.347468831535    
   -1364.383620746764      -1364.348761382246      -1363.658255314306    
   -1362.029177435431      -1360.927067370739      -1356.346259987163    
   -1360.565478142945      -1362.349937211718      -1363.538550324677    
   -1366.055151056003      -1365.809010741089      -1366.415496236129    
   -1368.808148157029      -1367.151659442413      -1364.832172983597    
   -1360.092329969234      -1351.048435399036      -1340.685013106423    
   -1346.272460135907      -1357.154552314540      -1363.048275939661    
   -1366.293777932299      -1368.600522671784      -1369.711350324678    
   -1369.696608049651      -1365.762365301720      -1359.471704673240    
   -1341.203412248433      -1276.457462994330      -1115.373525719873    
   -1204.762140740161      -1325.311480920817      -1359.336625246726    
   -1367.135620179823      -1370.680169132072      -1370.763492777655    
   -1369.770046257372      -1359.034580515925      -1343.407628524375    
   -1210.420804786693      -903.7281796616805      -906.4389165425888    
   -911.7379648936823      -949.9990571244865      -1310.347638327592    
   -1356.840332898258      -1367.320458319767      -1372.053749795867    
   -876.7681781686100      -1180.181823800893      -1345.672775541928    
   -1371.225441908990      -1378.450680071836      -1382.571026809188    
   -1381.245483499896      -1375.062818453102      -1362.984850235080    
   -1306.227088688893      -924.2495721268025      -873.1289351890532    
   -1363.010440611617      -1366.378414031630      -1365.516669311091    
   -1369.703614498746      -1377.888439070773      -1381.449391480430    
   -1368.539091535638      -1366.826953733437      -1368.974463004918    
   -1360.171906063954      -1356.623741616716      -1360.630432356743    
   -1366.086479935007      -1370.351248386157      -1372.469616815238    
   -1373.964840553242      -1372.020028655754      -1370.748701778211    
   -1373.611663929580      -1370.079790254920      -1371.284977569758    
   -1366.776873414551      -1364.380052198385      -1364.612737142693    
   -1377.469043263829      -1372.582341765337      -1373.025259053748    
   -1374.957808941588      -1366.668902539914      -1369.401417522909    
   -1373.861141630755      -1370.470891254513      -1370.575994288401    
   -1370.998455691733      -1380.782174319961      -1378.650408866463    
   -1382.707159504264      -1372.325284699230      -1345.968207006564    
   -962.4077175481957      -680.5101066817251      -783.6128685164415    
   -865.9904812706117      -930.0953795938316      -1285.839528868998    
   -1363.021502471753      -1378.669106136243      -1384.412324394248    
   -528.4764270388483      -550.9709858263420      -1149.207691977665    
   -1274.687716086930      -1341.403249031032      -1353.130917319874    
   -1313.779561833741      -1278.645338275339      -1242.853354495551    
   -915.3676818816638      -551.4063579841510      -540.4839716751520    
   -904.8126193095101      -1124.099910626093      -1238.537969988883    
   -1306.024531789802      -1306.100307361703      -1239.567114307562    
   -1165.688161930831      -1215.502825987187      -1244.633411428339    
   -1193.441084051542      -1065.738244891818      -770.5682137781675    
   -1155.954263387272      -1211.645792438901      -1270.617931836853    
   -1268.945687896803      -1199.880907365412      -1149.429878399530    
   -1128.309345185983      -1137.317917154149      -1166.242584554823    
   -1142.704059663657      -1109.875921390994      -1139.873811529313    
   -1148.431027519649      -1170.828035460062      -1172.125298483536    
   -1176.734658041653      -1148.395403172117      -1194.040080867808    
   -1178.911491956455      -1170.312828476312      -1156.041784298452    
   -1144.054516960239      -1093.650440402712      -1120.692938980369    
   -1239.913381336549      -1224.499820559458      -1259.497178906201    
   -1253.364222399114      -1204.042100751906      -1181.831747389140    
   -1149.540269186616      -1166.809153307213      -1149.226598520272    
   -1195.606698245115      -1229.977582760228      -1249.954797994434    
   -1127.393609922763      -1086.353874370957      -1095.988734624257    
   -1113.904905451420      -1135.124444417841      -1169.318044041802    
   -1149.736090343765      -1139.799117511359      -1092.416036191764    
   -1093.889238177155      -1095.200606039441      -1075.355832509217    
   -1121.300464085380      -1148.957409918808      -1152.551812533829    
   -1163.176726707945      -1186.214097069808      -1212.334109959755    
   -1232.832978280072      -1197.706654620447      -1203.299780475959    
   -1192.759547114235      -1169.967426347284      -1125.383273608236    
   -1201.557114056470      -1157.110170095507      -1158.487298579587    
   -1133.020203878374      -1097.257036904381      -1164.810839277635    
   -1190.748518730487      -1229.997483149901      -1190.930423581364    
   -1182.003004343301      -1203.053889738442      -1181.343400972025    
   -1157.676530227945      -1204.476256109842      -1075.446098563930    
   -1142.005897302624      -954.6184923769374      -1057.633327767519    
   -999.1523843235086      -1187.442309691789      -1184.843805896321    
   -1154.351531751331      -1021.590417811382      -1165.440203972707    
   -1318.810694606356      -1308.185663857699      -1276.911430611193    
   -1131.688390394999      -664.8794247561626      -508.8370949570111    
   -503.1868709985233      -963.1219254217882      -1187.538463063234    
   -1309.975883046121      -1312.706308599473      -1314.982209969770    
   -1360.372480137983      -1322.846885514593      -1219.099731555126    
   -672.8446634134561      -478.2957770949362      -464.8018007651091    
   -440.0362798340520      -463.4393906396558      -945.3893008924225    
   -1258.822423608663      -1332.268095442174      -1369.615611270063    
   -595.2715507166190      -605.8480661538146      -1162.831587042206    
   -1291.435703277116      -1344.836541184208      -1350.055549343068    
   -1325.379199356661      -1285.687263549278      -1237.246507533882    
   -906.9676038300240      -596.2122587178043      -584.6458065984361    
   -813.0892559461884      -1123.476339908777      -1238.012447391043    
   -1296.966964992890      -1315.410169862247      -1305.466960763653    
   -1251.205377586558      -1259.888340106670      -1258.890367517495    
   -1192.944617633600      -998.8319080862098      -694.6623648769554    
   -1127.807175456326      -1195.721888672495      -1247.626536228495    
   -1270.922781071448      -1276.743169745657      -1262.700432214274    
   -1239.863090191477      -1212.743905571017      -1188.140236794169    
   -1140.722580204311      -1145.234999417724      -1132.092395306628    
   -1140.409686817549      -1180.630815771536      -1185.785646867743    
   -1185.682638285130      -1181.207642977597      -1206.440020755622    
   -1227.476698219448      -1197.743725876137      -1149.346609666679    
   -1141.306840978103      -1123.109739058066      -1124.896460564173    
   -1227.585302954537      -1218.230926148465      -1249.932635374648    
   -1258.437757873708      -1241.031831989517      -1228.277694692906    
   -1195.753233265179      -1163.260407390339      -1145.926409818230    
   -1163.296275304560      -1176.386145971776      -1179.833761413533    
   -1125.582520901617      -1157.355123813829      -1116.330398515288    
   -1131.866715830540      -1124.569634016439      -1148.002210881600    
   -1149.405100527929      -1150.891568572717      -1130.750292200219    
   -1136.083572406108      -1118.077564001851      -1128.861024924731    
   -1227.247751285063      -1177.040380686094      -1196.002165445691    
   -1213.769606168341      -1233.879011796944      -1251.438803364579    
   -1250.580644210345      -1275.827937767815      -1271.613635392214    
   -1247.221384562636      -1237.267845959934      -1212.367420394287    
   -1212.563660412968      -1213.515651085515      -1188.327589299547    
   -1147.957067211280      -1131.396120003359      -1135.647395478856    
   -1145.450156993974      -1209.530018064470      -1210.372022007903    
   -1207.677942983082      -1211.590913454302      -1199.961948171847    
   -1255.783674726899      -1249.466699527204      -1210.717607441978    
   -1203.479765541260      -1169.103934497514      -1143.336085292702    
   -1156.830115234271      -1218.383671449061      -1265.784422802994    
   -1280.599910229284      -1275.101590651275      -1263.183725865019    
   -1305.636395664976      -1293.567206984932      -1270.728905473959    
   -1218.642937993394      -1080.520900496591      -813.7608631044948    
   -932.1349679134183      -1142.689617038634      -1245.586050220467    
   -1294.763712036172      -1293.925295691821      -1312.765099106429    
   -1346.525210823899      -1313.529611520465      -1266.023987892723    
   -990.0229635576814      -588.2071323281964      -582.3834392194588    
   -591.7678132565585      -626.0375062944812      -1135.252636405546    
   -1301.500571264668      -1331.124162091101      -1354.036694349901    
   -288.5706648083609      -576.2115602048148      -991.3232388991702    
   -1271.349661320727      -1303.337056826507      -1296.983298485912    
   -1318.456977436739      -1240.044149572469      -1218.607278678576    
   -885.3241629573283      -388.8894526369691      -342.5565757853183    
   -1083.606035834748      -1165.574802399988      -1175.140899636972    
   -1177.749099075157      -1155.494717779050      -1230.219152678330    
   -1131.803117513073      -1145.361593987644      -1102.906750363928    
   -1087.499413339572      -1028.848943987981      -1104.229838721395    
   -1125.640474937683      -1116.524253836133      -1137.181287724417    
   -1076.629223222540      -1135.058226277920      -1122.454081913020    
   -1039.697729365145      -1095.371114915338      -1110.254457187949    
   -1167.761631995006      -1188.531371743352      -1105.564674712497    
   -1080.110910806866      -1115.842029506439      -1123.832347126381    
   -1189.443519021665      -1235.209958575069      -1191.383126944487    
   -1279.530678862670      -1238.577398486484      -1199.554246809441    
   -1109.904555891092      -1069.865639939451      -1049.062402451625    
   -1364.097567690180      -1310.521776109965      -1058.521937811030    
   -437.7077126438964      -257.6084628019947      -236.1722659279314    
   -246.4095311341696      -329.3657294372201      -658.3943697048085    
   -1149.686193031386      -1257.299084252679      -1360.179023708810    
   -87.84095503346593      -129.5049062977417      -410.4062323202324    
   -486.5173903826445      -394.1452161787851      -338.6489224946558    
   -436.8963327338520      -277.6976007082581      -388.6052772970991    
   -248.2894695611240      -121.8638063652867      -93.44301167364758    
   -292.9788885463931      -494.9013437540088      -559.5909868506865    
   -631.4582629030525      -593.9354747429633      -515.2377614106882    
   -513.7851387352299      -500.7722493198727      -447.1754367775915    
   -415.4594615431897      -373.1341068771900      -222.4218246956280    
   -576.2919574664877      -684.9913417333937      -775.8301406530137    
   -801.8119826699461      -793.3033694564244      -698.5096695075868    
   -713.9852997456728      -714.2123829546847      -645.6798058456457    
   -567.6529572725499      -470.8041216429208      -464.2757754506306    
   -639.8367816269541      -694.5339068936676      -795.3960668343711    
   -829.7033049149718      -882.6275854453343      -984.8165333893064    
   -931.9995876072369      -923.9677082731532      -866.6344525737770    
   -798.9263289823043      -690.1848331406768      -586.8770601003916    
   -873.1602464613388      -921.2289119014372      -1019.010143633068    
   -1061.343357816270      -1018.375293051918      -986.9771135257679    
   -948.4095620763355      -942.5146972441496      -898.2330902390174    
   -919.9417449175087      -899.8910232129447      -890.7454692190981    
   -873.3417683647531      -871.0478631879539      -882.1947645304817    
   -912.4433188393652      -897.0928457956404      -890.1729905735749    
   -845.4800020892890      -857.5287315860294      -819.8479770720439    
   -858.9375635446004      -843.3145847476453      -810.9967888652818    
   -916.0196732251791      -939.5112265526677      -926.7841211386099    
   -875.1987009392224      -874.6561375579631      -854.9779467446683    
   -863.0045964497697      -861.9406309325655      -871.1458195950286    
   -920.6327683253903      -913.1803324087002      -884.5043067780125    
   -970.1434990284952      -876.1441474889580      -852.2272725726907    
   -811.0096187479030      -775.9630006867866      -759.2467617402860    
   -719.3527334327143      -839.2379746765215      -863.6988884771597    
   -825.3202271482110      -964.9550896421886      -945.0897965080287    
   -705.3548012216453      -770.2532412055518      -665.9589532137744    
   -632.2214081343276      -440.8058839566209      -392.8551406199574    
   -360.0035900612042      -440.4669175247804      -623.3425446571204    
   -529.1895073539195      -570.3049963721298      -644.9673382648058    
   -477.0867895873963      -585.8992086514974      -635.2278935150152    
   -440.9999962597126      -191.0613241145658      -129.6117894520847    
   -133.2276624566051      -363.2233023781959      -640.3327254108149    
   -689.5544689679554      -479.8861828183405      -419.1438473381552    
   -653.6808295251717      -676.4770859328024      -523.3451240972578    
   -223.6075509249615      -150.8729120913706      -117.4259092475922    
   -114.0226733398618      -158.8699685218997      -394.3410411541972    
   -620.8564466770169      -691.2288714202504      -621.5094997521220    
   -77.86496145512568      -112.8736313775783      -361.9082894388033    
   -455.4694373677996      -377.0375821423926      -384.3687588441043    
   -433.4222781355095      -309.5372104830290      -296.8772320472866    
   -153.7774919864310      -88.03663928225254      -78.38310539499611    
   -185.6415678964929      -373.2335038474019      -484.3778020429355    
   -550.2932016616668      -438.4425517691568      -425.2965830755926    
   -452.5004835205380      -444.9398404707239      -458.3629875096733    
   -359.2617388071168      -237.2475383966437      -141.0197084656393    
   -456.5746253203677      -540.8121020637324      -611.7408989370148    
   -644.9146582119738      -638.9736022888570      -591.9560873398240    
   -605.0772513204521      -608.6517776089408      -576.0339228779685    
   -491.6468032466739      -368.4137573151638      -338.7871572432957    
   -629.9400636857371      -680.2083584511962      -774.4049500545174    
   -792.9401047490785      -847.6601144134577      -888.3650941548638    
   -911.7152834620583      -915.6233733812371      -843.3654300691842    
   -767.0793036629533      -626.9600518509719      -549.6879784688957    
   -842.4729503842912      -876.9313844351814      -942.4389508838544    
   -984.0935506052517      -1017.200854484969      -1007.742844802550    
   -989.3171998022012      -969.5361460047991      -936.6891415332077    
   -926.9371648240678      -864.8781906548209      -807.6221829760613    
   -869.0413546528077      -934.7222265679704      -904.1175267453809    
   -933.7514449813114      -904.8523063733001      -902.1516383750168    
   -896.4561183138926      -883.9772582457215      -866.3951942672554    
   -883.6461387772090      -849.5930239154177      -851.7624396821759    
   -952.5571663365042      -936.8724414107419      -935.4043829102352    
   -962.1165522768536      -922.1572075495033      -877.7743472026600    
   -878.2834142340334      -891.1942104969057      -883.3075102154737    
   -895.7065908871300      -912.5776598779396      -919.8008492261920    
   -842.4315889404852      -846.2208111323264      -821.5741116950142    
   -785.1801421502955      -699.6502965116633      -654.4074110084495    
   -658.9105176116448      -742.6686043857273      -803.3145787640592    
   -760.4649919832127      -788.5273676972986      -813.0906098851369    
   -653.3837735043448      -668.0251934829897      -644.1836508548562    
   -562.1993032978878      -479.5243837698493      -430.0848221631739    
   -451.4756703334513      -549.3582079146861      -659.1835762417588    
   -667.6167090064098      -657.2378440637010      -634.7702584068742    
   -542.1094332060790      -628.6819455378208      -611.9824331940080    
   -476.1966141473870      -313.0083737040872      -191.1143556557344    
   -258.5153585981756      -440.0305634552808      -633.8643628289304    
   -580.4618783863589      -529.8221357308961      -514.6722656964897    
   -513.6141296487438      -594.1237851303142      -596.0190998167469    
   -329.7830253700446      -150.5023977033875      -139.3601645431374    
   -146.6969757754215      -183.6766275717551      -612.5159523821857    
   -679.2425057949245      -462.8434181134153      -460.5540835746638    
   -110.5191372456769      -249.7315182324598      -418.4288834604857    
   -570.7767608194558      -547.8808999331690      -475.3479540457377    
   -437.6093385039539      -434.6239764225359      -517.5205622331305    
   -385.2437215467112      -143.3807736084221      -123.6245976924848    
   -710.3204646158474      -815.0141551162022      -852.3386327026117    
   -939.8051013176314      -969.5503582379388      -1063.987798762696    
   -930.3453458008448      -958.9177697641560      -811.4248910401045    
   -849.5170945137005      -657.3041326517597      -696.5799620469966    
   -859.2229776684945      -870.7124507947412      -847.3865716996443    
   -792.8677414303422      -933.8647576175276      -959.3660404834168    
   -870.7532618444702      -917.3238586771504      -907.5902780047329    
   -941.9388849919414      -954.5072534427419      -842.8621397113858    
   -899.1959823995330      -926.4709613480591      -915.3462096168141    
   -1003.740056302149      -997.8699878104464      -863.2140842231593    
   -929.2250719892365      -938.5151423856257      -920.4320720306214    
   -875.1394186500079      -876.9245975472018      -875.4799864815084    
   -817.2582238201613      -731.6672230159966      -616.1871555705681    
   -289.8414138769754      -152.0304000641569      -143.7382693283080    
   -143.5373668167485      -201.9784194980381      -320.7977934629938    
   -606.8857265052117      -686.8502978482667      -750.4328147948911    
    727.0513085382362       782.4056525988965       906.1094397636892    
    845.9367457328995       778.3436864505973       731.7598138310757    
    699.9078646839791       775.0775729993222       835.1232548862483    
    853.0953652942496       753.5395864027337       723.7738508134813    
    848.0092334474651       852.0561679190805       785.1608975311848    
    711.0254679314210       635.1274802073306       554.4468603218320    
    548.0172022705005       558.8431126315214       621.7356367658766    
    726.3562999753788       839.1257796274836       804.1641108463864    
    757.7313274857289       685.9384467258423       586.7641298401338    
    419.9718546314841       386.5190108654986       415.3444442624732    
    409.2219962121533       413.1791010883887       474.5025994348566    
    538.5490280398244       683.3638553543011       744.7873988234903    
    536.2973129083315       496.1233077565339       407.0318156118446    
    369.9035072699246       341.7161008908352       285.9267556773375    
    309.4831983028996       315.1526735147741       367.1275230000504    
    407.7248126602342       480.5712256254964       562.0240644692132    
    417.5916754489890       391.5790652175417       326.8571652086223    
    310.8140699548585       324.9183387475512       337.1033383769770    
    343.3902141165959       342.2148334916528       373.7164266034085    
    377.2798055975954       394.3199677362372       410.5269035885044    
    310.2379139225206       312.9572414256927       299.4027388911888    
    285.4134294234427       291.6100686369134       301.1158527961584    
    321.8147861225020       314.9187032322516       329.4420932292610    
    311.2010802937277       320.4606635749769       345.3859994526454    
    298.7046727949405       282.8578837850273       306.3522633966045    
    340.0485955406793       353.1697039144888       372.1534901590928    
    365.7292944976689       363.6703060404898       339.0586044079669    
    309.6929760882006       304.2403993595997       316.2698475122170    
    261.4420649900921       309.0686067927209       342.1280704964147    
    374.3655924079690       402.8860354060839       424.5826603180660    
    441.5789480018617       363.3629483099412       332.7104504003842    
    343.8330462628585       270.2662685888413       273.1016491158584    
    406.9590017716678       371.2372904055314       453.4636629768158    
    481.1921880885137       628.8965228463894       670.6399615569012    
    695.5100667852463       612.8813666186090       479.6006702572555    
    514.3516990769115       483.1597861437444       436.6136507138378    
    748.0293308067587       764.9333955989164       828.4522351839883    
    892.8113439590533       814.6394021346807       760.3701919481717    
    777.7071378256254       924.6162152253241       934.6919192195031    
    820.9980990652923       764.5491471250239       747.3266788477986    
    778.4070695795151       855.5469815678975       921.5803454343501    
    869.3451945475541       809.4005647886919       734.4536478219520    
    734.4606178318685       818.0938607202894       954.8301317035914    
    917.7001479683611       810.8837484214746       762.9265566218351    
    678.3535869267497       730.2154353519359       856.0788760808364    
    804.7938343357828       755.2607262571058       706.2725409898292    
    671.2904570875651       749.6350024896543       799.8874627509522    
    763.9870097387096       697.1202714771891       679.7603873167598    
    747.5716144338201       791.2608095820133       730.8990968346052    
    647.4180905579203       638.9076879129050       588.1931097016775    
    565.3930109676537       577.2673152965524       600.8381763103614    
    704.5427174412850       745.7649967001885       704.4073536582074    
    632.9363919732742       559.8886848510460       486.9764313801426    
    437.0805452449247       415.9140494668065       430.2862739601210    
    420.1327430354240       427.0885863689102       470.0084207847794    
    555.2244657762202       665.9238955459301       699.3065932024293    
    469.2887724797856       420.2902487291738       340.4380523590476    
    312.6396429813383       269.5069134333892       236.0839721471564    
    217.4534895499676       219.2297246862438       277.3265354325929    
    345.4897120337108       457.8921238223046       522.2086034380453    
    288.4620485299365       257.0131032206717       202.8277453158864    
    167.6754515130483       142.9361980177930       147.3290768808937    
    159.0184360712215       172.4354734994051       198.6590044756724    
    215.0468163951302       267.2917804828643       315.8426163565906    
    243.8396738949393       197.0656321588535       214.2025087575519    
    195.3847278257683       217.1645297749478       222.0368362154659    
    225.1488227811365       228.6388945057638       236.7593222976723    
    226.5352022373861       252.8241915478873       254.7194638247845    
    183.6286606570638       196.0335260240242       201.4105265546107    
    194.8770819756049       231.9490389434549       269.6809311135553    
    267.6261519481784       247.6791420805995       241.3366949774343    
    226.0386678923396       211.9125078912134       207.1777159651447    
    267.5054508625863       269.2705636839889       297.0960573299806    
    340.6019222164218       414.4326750708274       456.9169564106090    
    448.7627054296013       377.8781212062512       321.5694381034950    
    331.8110455594478       305.2562992786818       286.8171187584494    
    403.3165431650332       403.7253767857862       438.1361250949851    
    513.9544101176057       594.3706325296745       636.7527668901473    
    623.0614739768470       538.3371152539667       446.1313336045549    
    417.7469124398101       406.3123018442525       412.9131390879195    
    516.3259661034090       474.6622066052311       514.5932582820762    
    652.6713408257763       745.4189949853784       714.5029501602664    
    773.4216301156209       791.3470744327782       725.2748489849381    
    618.6377375426559       581.1268122367892       543.6605644455597    
    572.6387624248162       562.2924998880166       623.8240774892247    
    827.8986215558284       723.7581684870835       656.6330792790396    
    665.8649076815490       760.9117552967532       912.8751126697523    
    732.7782954474031       651.0956872574951       597.2324463322991    
    816.4870828910233       919.7505222563435       922.3249934580053    
    863.2088177718202       813.1749998508724       775.0016242519564    
    781.6897277232897       819.8558482439893       886.9638846506831    
    947.5293207481527       843.5204994070111       827.8785107919863    
    575.6939512667003       503.9305441590898       410.7842140245737    
    339.5853673120541       316.7635951123202       260.1983368765275    
    325.1957171618187       307.7695893022394       410.9416866915865    
    404.6157251251401       530.0274396395395       557.8369093057489    
    497.7699677491643       501.1724850645294       460.0150817557562    
    436.2893534677994       371.3328808145775       342.6737646684899    
    380.9493997555080       354.7162651304347       382.4987369016242    
    383.7930681247599       418.3595191473586       507.8948912056944    
    323.0023869964214       307.1591885584155       324.3143943291216    
    288.0433216364509       303.8532485909684       382.7123423417049    
    340.7379732140328       337.8654568536490       330.8465172588342    
    352.2684559908100       345.6460661531651       340.8404717730775    
    835.6920893210713       909.6907986115923       1000.823682994039    
    995.7228500552162       883.7405429502282       866.9902341837169    
    852.6852987062872       935.7491470556037       1005.974408208587    
    959.1024614276051       868.3839174179013       805.9165464747480    
    509.2987959972344       571.8367264094926       888.6074975104847    
    860.4461790052369       805.7076575196191       762.4744792010745    
    727.4386763447183       795.8435720473886       839.2180728062257    
    762.4405947345672       537.9622524314842       505.7483339158155    
    763.8879569690378       845.6638023888985       803.4580616377696    
    736.6320266141884       661.1853590668488       578.3058278682631    
    571.3726809022432       581.1959365204302       641.1334828807185    
    731.9488230783975       801.2791058691490       676.0533176139800    
    767.1586741203953       704.6435123946679       609.7079345027367    
    440.7546976459003       407.5771327943301       439.2466757521447    
    428.8977427294753       432.4569935185707       496.1230160165258    
    557.0696631651657       696.0795948943286       750.5003996023091    
    556.3244446740185       518.0342731824226       427.5436914550426    
    392.9409910209642       367.5632492976320       312.4894865689498    
    331.9839349524614       332.1705922404306       388.8016571530102    
    425.0183906610232       500.3053294141182       580.8957335027713    
    438.5216117944708       413.4248770554620       348.8977499410169    
    335.3741746520882       348.3471253424284       360.6476229827251    
    366.0245231620252       364.2718498902582       396.1379167068912    
    397.2374988760805       414.1272286321680       431.6207935382295    
    330.8597957478412       337.0501009846123       323.9765275914124    
    304.9711191917197       312.3239954489918       318.6823603223559    
    341.7084803359671       335.7687901011559       351.2297844900445    
    332.5013433048127       343.4023945828244       367.6662760694001    
    333.8216013486033       305.4146193131544       329.8471908382794    
    355.2934490593032       369.6601564095801       392.6361902368001    
    386.4286198826079       385.9439656339134       366.7186782527381    
    337.1490032146482       331.6418258761757       347.6962876113703    
    291.4009572543534       322.3716471664773       361.4799150107046    
    388.4216346061891       423.0085309173006       431.2002501183940    
    461.3706350753546       383.6879364456109       340.8673967305020    
    368.4638637018622       304.3259960955993       304.5426333119678    
    429.0018845751149       381.3874308069956       474.4989869199969    
    498.6928817925076       644.7265967641300       681.4573050138790    
    709.9135798896299       631.8155913290440       499.1881061230998    
    539.2296421594835       508.2689544755112       460.1485611751741    
    777.3780876327407       792.1794702391480       848.4259559594420    
    883.8639217745125       652.9191867381608       546.3546240450055    
    566.9552456781842       877.5927644534107       945.6448101551302    
    845.5625756867562       793.1068700013668       777.9216641032747    
    808.5937563473067       876.6088469542126       918.4484960173052    
    712.0284829306289       584.5425994258898       512.6683921803377    
    515.5763375596669       602.1067230574213       918.4456061069212    
    929.1995355153233       837.2005110292378       794.2310928422955    
    479.3869353776622       532.5099676288019       830.5502131776805    
    816.1597482780536       780.2558855925525       734.3865539689034    
    696.6723835397204       769.0230893110055       798.7991938014644    
    662.8095476924453       495.8351612034326       480.2397354728503    
    631.6648879980748       771.2399203287745       743.6980052374480    
    668.5259047166738       663.3514992281278       612.4353625119170    
    588.2493053697715       598.5014756944054       616.9920133807949    
    704.3891637624142       683.0250478958000       554.9794518774895    
    638.5479962977030       574.2149340276228       505.8241831818862    
    457.6583726380647       437.2988322541005       452.8467666529536    
    441.7796493569028       448.3712395724240       490.7076532715280    
    573.9934865376739       679.2216253226400       703.6543523337428    
    486.1904246737367       438.4175195345534       358.2748341159174    
    331.0698296225212       287.3971543953928       252.3822191060106    
    232.0373417031192       234.0965877116048       293.6363060837550    
    362.2924488944363       476.0659511792653       539.9967045239435    
    302.5900407613307       272.2248218793197       217.3945140417999    
    181.8425797007706       156.5150454594857       159.9850118204529    
    172.4462912464162       186.0373541861406       212.8854882340931    
    229.0225970314594       281.6676449048430       331.0535241399464    
    260.2733172587364       211.0264658584811       230.6075713820803    
    211.4233702225476       233.4729733352958       237.2986733573725    
    240.6924586039452       244.4982155481625       253.2133637493530    
    242.6302322914466       269.6418744328639       270.4598120182595    
    198.9099345831846       211.0396394775194       217.7667792353191    
    205.7290932390003       244.9793326777581       283.4275230681129    
    281.2465857439435       262.3777660693349       257.1510635881964    
    242.0571424197249       228.0672673776962       222.8157342624399    
    284.3471240179838       286.0832952297869       314.0448190610812    
    356.8017359077942       430.5635490579078       469.9241569922776    
    464.6551477315484       394.0072559581580       338.0645143928547    
    350.8345706956959       323.7697550198391       305.3195263969428    
    424.0088343050559       423.4982624090833       457.1912675284580    
    529.9240254427247       603.9192773470177       638.3670469518918    
    628.2612319048724       551.0107934920114       462.6978782699922    
    437.2127080707173       427.0232926117217       434.5365807302528    
    537.8208870156698       492.9684957859308       528.8930653044588    
    653.7353167575403       705.2524977714718       602.1805250502217    
    698.5431968568214       780.1349140694356       738.8898683539935    
    639.3156601680232       604.1768671789782       566.4379829638051    
    593.4058770666724       574.4073829859104       623.9013356739846    
    751.7662708143042       522.5115257109259       457.0389060772975    
    465.0386704465845       578.4570327858547       890.3915113886355    
    744.0394135062860       670.5585433547441       620.1944183100920    
    569.3924640678212       819.1867300064004       930.2506087238385    
    891.3992141695246       846.9592955873395       812.0601780605625    
    817.4162631727881       850.9752729162017       908.0752611577338    
    925.2504939443824       616.5686381311093       578.5601999481545    
    595.0013703512838       525.2771593287662       431.5848181775266    
    363.0920467906549       350.4474675092126       296.9790166506812    
    346.3012904250888       327.4419214350530       433.9210505150106    
    421.0591257866554       544.8224844427187       575.7365080266794    
    520.0000620043426       526.8656770797975       487.2742864999111    
    464.9020006662283       397.8902980831549       367.6198587256465    
    409.0944447505933       378.9696436915335       408.4810302620667    
    405.5888773511356       438.6025020473596       529.1472621133551    
    355.2491417780743       337.4067003402104       352.5023830183329    
    319.5264705491354       330.1945083407674       407.2031804278708    
    371.0509083056337       362.3892898237955       354.9336970628190    
    378.5713721863715       381.5146528663433       374.4238394256740    
    872.9654751589919       939.6171480540829       1009.284023755441    
    724.4909720455563       486.1365990555597       540.9123199719387    
    595.8341744336414       682.1432889862731       968.1067758810968    
    980.6945064156309       902.6815943293229       844.5113113660909    
    329.5728353666579       394.7484327112818       814.3394745399881    
    841.4262904885561       826.4971499327061       793.8861193639468    
    740.6740307836230       786.8916955593761       816.0165971223918    
    641.5820923792985       383.2966331473494       335.6124538010737    
    630.4369932872529       743.8981215359490       761.6514277065676    
    740.0143203239935       666.6726171754647       539.2290445848147    
    482.0695794246603       527.0088782921931       606.5858974889693    
    669.3379056206296       705.6982852163358       526.1554690510106    
    674.1513920008159       646.0291310937123       590.8076336877173    
    421.1544180574691       339.5297261998707       340.5265856162742    
    319.5840113283737       324.8001681956367       405.2501765888223    
    446.6245297040388       566.3695449514847       649.7116825033302    
    448.1382832025389       428.5858222990413       337.8058403608719    
    314.5913080568050       268.9228378972217       243.2981794840998    
    259.7397170145541       257.2287145093384       294.7885622036353    
    321.3348062183741       351.7382383363383       452.7866170117250    
    396.9230928374969       364.7648651059257       324.0703259340023    
    308.0685229155193       298.1837741498907       299.5600082563925    
    289.7867219265038       297.2627512496189       314.7804742626619    
    337.9372334087520       370.2872392017866       397.2539625886924    
    228.2701484324861       209.2936063550042       204.4486178273814    
    199.0010324321645       217.4733257180748       245.4087532556173    
    254.1468050054334       243.7561822403751       230.8469980861645    
    212.8222478163337       220.5546605462132       230.7888876654971    
    221.6703482641407       220.2974738179506       245.6892134244839    
    275.2765461572579       296.1767225116887       329.1284270710975    
    334.6194546820129       315.7372968534702       298.7040709955551    
    267.2683716525768       257.1123205887602       240.5480601112373    
    224.3378583672495       238.5781749927531       270.4355998030366    
    277.3268534303810       279.2734596016686       341.4224568418120    
    384.4197156044373       335.2694070780302       272.6718379809228    
    288.1394482132151       228.8881479665008       221.4812106400643    
    336.2960278130060       325.4625237519662       320.5619715965042    
    390.0518460317244       394.2613463438818       516.7086137703975    
    499.9401971497335       556.3857658395222       419.7553640186271    
    460.1214005660523       334.9010263492715       374.6782960366772    
    786.2191827343281       795.8565853959101       833.4960956564856    
    788.6655196991512       467.7967011387958       347.8946271328104    
    356.5569585609502       705.6386736133859       866.7889014020246    
    845.4056509536088       794.1625042012106       782.9462260689013    
    838.4881860550308       888.9407533155094       879.7378883094992    
    500.6765537546735       351.8422201199804       262.8309864527370    
    242.0445918694747       339.4921873078736       703.3563872462878    
    898.8680959652839       848.8945508624255       826.8275703515826    
    364.3125668801582       411.4656350891232       785.8487791509106    
    811.4743709148513       803.4701765350576       763.8090402190301    
    716.0951611234623       765.5095080055219       776.8458418040609    
    578.4490521385032       383.6606906366580       356.8824042051494    
    509.8716377013819       688.7832452527896       702.0712943075154    
    662.9582730684831       668.6449266239549       614.0455200578856    
    555.1419481358124       573.7301748153101       592.6818050923970    
    647.0508854473138       587.5544405594458       416.2029700410277    
    525.9601269836977       504.2510775165852       469.7739837634316    
    438.5266110660098       421.7093344219336       430.5366239271393    
    406.6522050003698       396.5942536109139       418.2067386140318    
    463.3204301235025       578.7456299051356       599.9510156959786    
    372.8477628780240       354.5628874707774       276.9297379732194    
    253.5635393442988       207.1495454068355       191.1928226540880    
    186.0436584239977       167.2280782909326       193.5043969303507    
    255.1437953827644       355.0143073100855       415.9735421031598    
    251.9115029028285       214.1585555805534       181.3786819232774    
    154.8018584580433       120.8584733919338       118.1099735994593    
    108.1869458300986       101.5940191080631       114.1800309268177    
    139.0079391151602       199.0407022807261       246.8354961975336    
    149.3817853746435       123.6117944594639       117.8181773940281    
    107.1007764100926       123.8473690302158       141.2388776439997    
    145.2351551404689       150.5927950832842       147.9436021542853    
    139.9574994544679       154.4965415040451       162.1672105044070    
    153.2981665650368       133.8463703369683       149.5376503479804    
    150.9996701709753       200.7274328172599       248.5518739739661    
    244.0277717577715       241.3024918965192       233.2139164130069    
    204.1296022737242       186.0590216041942       166.7157896964113    
    225.5340143889413       227.6358127240883       237.0997557780754    
    249.8231739001255       312.1922634267662       352.4658039281405    
    354.2186273665067       329.1957380640866       272.8635682801297    
    288.0642993935822       263.4977376454088       237.0236864806543    
    395.1466644778918       389.6894182900184       396.5958405037355    
    464.0857747543379       519.5244279806203       541.7047691917816    
    536.8375265027296       496.1253780926711       438.3399667431007    
    424.7253733527145       410.9807606604363       410.1059507533762    
    533.9941320322481       483.9401087362063       507.8060622822562    
    610.8493419126404       627.3715503228203       478.2772771232464    
    580.8904161884136       694.6890959073570       699.8988488857805    
    629.4125100513668       590.5355154311422       568.0979734104170    
    613.5017917973755       579.7593063199145       608.4262387275245    
    666.9442382972263       391.4104367709866       315.0191758454615    
    325.6558563158262       436.9088649031469       803.1234489319913    
    739.1405508762716       678.8382671145712       642.4159484850946    
    213.9669475147013       429.2003129684820       733.9122392895447    
    885.5924415228742       858.5780552691631       826.2230284204577    
    845.1236432664189       829.2947150435879       868.9551952379446    
    671.0996732333747       292.7504861235448       255.2416370738993    
    441.7685404523439       432.4427243706168       346.9034376603588    
    282.5358200124128       247.4464809335473       244.9891447195398    
    248.7615981562499       239.9898797578714       304.8725475891132    
    272.8229010439662       350.9553728223693       436.1432873487914    
    402.1804930975321       407.6735103469815       385.9015179246086    
    328.9848995572129       306.3972232478278       274.4389550227453    
    264.8456953372715       265.7407182391154       297.3255359982971    
    321.0521443994736       366.0985768999581       391.5025018644656    
    224.4290758942924       224.3114533237929       251.0985289730030    
    245.0714625581583       281.7858774459694       329.5146333917813    
    348.3606009660463       326.5186059144014       297.4153013588108    
    268.7859670450337       240.8015530372154       218.7917923905331    
    913.9070331376615       950.9619632057706       845.2847803099814    
    361.1506667023727       206.9736274135480       166.8226558921361    
    189.0217235277267       261.6455514060525       530.7801141585351    
    883.6083090383511       881.7539640959211       884.2830735543714    
   1.4741544384142111E-07   109.3280418965536       349.0915412115907    
    370.2883858202348       285.0458203404962       218.9703932850335    
    230.4191258838237       137.4880821106572       263.2800753687867    
    198.2591414445571       92.11685123152026      1.4742728675884744E-07
    204.7043494273635       335.3946406621055       367.3155237687631    
    386.1998735914511       277.3084731574542       97.37993690660751    
    86.26452479364843       77.71985309443963       81.92254001764887    
    142.2117736862276       228.5073270515907       141.7271866960532    
    311.3129154233966       341.9476777932821       335.4689528183883    
    169.1823283433642       133.3542964056242       103.3794310870952    
    110.1679317507873       103.9893229582063       101.5654334595215    
    76.34932275316774       141.8532818509952       195.1351084218906    
    131.6784096588144       150.5054976238434       145.4779406239872    
    153.3291707482860       172.8184812302516       193.9103754243590    
    186.2135176039104       181.4672579048064       181.9065715952064    
    149.7187940512710       117.4694586005494       116.6124718419450    
    234.3562101502386       254.8119170319438       270.5471931345613    
    297.8129462031873       288.7093955801632       282.5715476024939    
    263.6578582572184       256.9295064687509       252.4035130210791    
    255.1918400401192       240.6308596071369       238.8088602976310    
    138.7740069931738       143.0260591354759       142.4744544716390    
    148.5457723070276       142.3686346277613       145.5432839587729    
    134.2622243318061       140.6347119800735       130.2738483473149    
    137.7735851925195       130.9667550113254       129.6783865395739    
    169.6468434812601       168.0785584302669       183.0399725809571    
    165.7626339578684       162.8609728132773       158.3419157371040    
    159.4832494239071       168.4232583438430       162.9042682642776    
    177.7741875636494       174.1434893903246       165.5792062288199    
    155.1259454946496       132.0349230265911       142.5776227014097    
    124.2466735921894       109.8763608972462       112.8240687946125    
    104.5219521677669       129.0748005052613       119.6222960541000    
    124.6233542993807       153.7173457800236       146.4889184587541    
    94.37647240345726       93.20064218586843       86.04189675521923    
    71.56746340081010       44.74179722159821       49.30332014780525    
    51.62451481477692       57.61307281223882       70.18837052839011    
    68.10668959644950       77.33335750806347       83.71676050676591    
    320.0775271341740       402.6299361852850       459.3332898007176    
    318.8870972953968       138.1564434672422       89.05626053252736    
    107.6745967974282       305.9429875931565       554.7842732959083    
    529.0951440391111       338.6076905966391       285.6046175762117    
    508.6290534535181       536.9198631048916       424.0142195435972    
    181.1668377594036       126.4465876237777      1.4785590687376255E-07
   1.4776708592483143E-07   137.2636528029215       339.8431092666865    
    524.5616117974095       535.9097440121303       479.4324281088009    
   1.4635033149145674E-07   81.66407230167790       261.4063574616425    
    291.7281746340663       231.5010754354248       214.7083886903083    
    190.9658557465086       134.3391493496320       144.1042084357535    
    85.14659731288687       39.66050599665476      1.4644372944488220E-07
    89.70200560758457       176.4274772686632       220.6340888305451    
    212.0829999203977       140.3454608213011       68.47274987516805    
    55.52180932796880       47.69755089846317       58.62462610248276    
    67.25379750469517       64.19918389013191       42.58795195662302    
    64.69662440789526       68.30456849064691       71.32898881605421    
    59.13867415802443       50.67060666151768       40.25301393911196    
    41.50829944058021       42.72735478814482       44.46981884618584    
    41.88830763661144       39.93605129296363       42.68718181265552    
    54.11185147060760       53.80448115349878       54.13090600882420    
    51.85828285058491       54.25024732246619       56.58885649767953    
    58.80563578329756       60.33958030580600       58.95124356184134    
    57.53094777472434       51.28533224140863       48.75732369019037    
    61.83751455820463       59.63133414157618       59.65638559095865    
    59.73447852174019       61.03205126909828       60.96844211054808    
    59.75475886805448       58.85084406249064       58.35573351751755    
    61.54862774430647       62.01176626994886       60.89471259637236    
    54.05437225940091       56.36375026206686       53.25252232532485    
    55.46483583191986       55.46744638068724       56.65512288998187    
    55.75957055913605       53.56902184967360       51.37723502005542    
    52.66530987111295       52.08005236603164       53.49068121204503    
    56.58189568040761       55.93128475222642       57.71445042556245    
    63.49969245026443       66.21088750205750       66.18418577908614    
    64.55383094618128       60.69032573485345       55.91336539664837    
    54.36939006686714       54.66340182670137       54.82013064659519    
    52.31500167322523       53.65039942578420       55.29193771708307    
    58.18184853334607       58.35083472907421       58.96210773186716    
    57.19343292867940       57.40828311901502       55.58936885048027    
    48.97394548373946       49.36181321785149       50.16769062990534    
    43.38468256068495       45.82652827291867       47.60517179818358    
    46.77498203437480       47.08929448619914       47.56738133124649    
    49.30114320040957       50.43108348655689       56.95346098729814    
    51.20620158078282       45.74375394683727       42.27569920989271    
    59.63203765267799       63.49687649931912       73.19309900999026    
    100.7155838921765       92.11836438111031       60.39213638721041    
    132.9544489270436       232.9081772368902       343.0473931630224    
    198.7501471594975       136.1113066692816       74.67894575255585    
    90.80697812189520       95.41627989192847       144.6538355255225    
    210.5664616987735       96.09578093361293      1.4670635352418999E-07
   1.4694717115169263E-07   141.2473266026797       471.0247673819055    
    352.1193150040887       122.0055250146963       85.52489331981761    
    95.34485970184545       216.5421994593664       367.2131881249250    
    479.3954014122690       444.1122574858412       377.7114842847240    
    344.9236806088152       345.4825988582826       431.3016365651023    
    333.6210628594518       125.3864865205653       106.6509404293067    
    203.5068131124405       228.4484676790797       168.6778154118365    
    168.6950156865059       181.1120069188519       198.0081293497165    
    175.9283048909452       176.3449778596211       159.5261335784848    
    146.3717953847130       108.6523731273310       168.2240608343459    
    244.2770925511581       274.7097782257555       235.3192509609627    
    184.5003234308606       225.9018848676675       218.0639010018268    
    200.0990995718439       198.5088830177659       209.6533542191281    
    207.2265546982521       235.0951365229506       231.4499435647406    
    165.0024627702962       162.1324182358990       175.5634030045030    
    182.5803162413493       181.9116987778457       157.3639275538881    
    166.7029779148734       183.7612648790952       173.5934887849666    
    175.9030231486349       173.9818401533739       162.5766334896142    
    682.1654394227181       639.9893199721021       539.5334734176025    
    254.1329516873327       133.9843915765415       102.0254235692330    
    119.2795518247180       177.7410091582738       281.0830266322739    
    542.7985937862373       592.5457519536862       623.6096690946056    
