   0.0000000000000000E+00  -8.494000000474244      -134.2600000074961    
   -273.3150000152598      -428.1250000239032      -525.3950000293340    
   -489.5010000273301      -339.4860000189543      -210.8430000117718    
   -53.97800000301373      0.0000000000000000E+00  0.0000000000000000E+00
   -56.17000000313607      -167.4140000093468      -327.1560000182661    
   -465.8000000260071      -537.1770000299906      -559.5080000312395    
   -550.7400000307484      -509.6400000284532      -400.7250000223733    
   -246.3260000137535      -101.7910000056829      -36.44200000203458    
   -256.4640000143172      -366.4750000204613      -508.2700000283796    
   -628.1450000350716      -698.2890000389872      -721.9900000403055    
   -714.0440000398660      -668.1490000373051      -571.9750000319334    
   -437.3040000244162      -304.9620000170276      -231.6670000129349    
   -456.6210000254952      -551.2880000307804      -667.3270000372593    
   -757.6100000422952      -805.0120000449474      -819.3970000457485    
   -814.7390000454932      -785.2840000438422      -716.3730000399977    
   -610.1980000340720      -498.8170000278506      -434.8380000242772    
   -630.8850000352252      -704.7280000393442      -787.4760000439637    
   -840.6320000469367      -858.1680000479113      -858.5790000479391    
   -859.1270000479684      -852.6880000476076      -818.3010000456878    
   -748.1570000417693      -664.3130000370916      -613.3490000342460    
   -801.9980000447805      -836.7960000467194      -860.0860000480214    
   -850.2220000474646      -818.0270000456736      -795.1480000443963    
   -804.3270000449089      -835.9740000466697      -859.5380000479914    
   -852.0030000475696      -818.8490000457183      -792.4080000442433    
   -859.5380000479919      -852.5510000476008      -814.7390000454910    
   -742.4030000414525      -663.0800000370199      -618.5550000345354    
   -635.5430000354843      -703.0840000392544      -782.6810000436992    
   -838.4400000468115      -858.5790000479368      -858.9900000479576    
   -830.9050000463918      -803.0940000448397      -735.0050000410374    
   -633.3510000353608      -532.5190000297317      -478.6780000267253    
   -499.0910000278653      -582.3870000325161      -688.1510000384200    
   -774.4610000432392      -820.9040000458327      -834.7410000466051    
   -744.5950000415726      -695.9600000388572      -597.0460000333346    
   -465.3890000259838      -343.8700000191992      -280.9870000156882    
   -304.6880000170115      -403.1910000225112      -534.7110000298543    
   -652.3940000364248      -725.8260000405247      -752.5410000420162    
   -481.6920000268942      -436.0710000243467      -318.6620000177916    
   -156.7280000087505      -26.30400000146861     -0.5480000000305961    
   -4.384000000244770      -84.11800000469647      -240.9830000134546    
   -387.9840000216624      -460.1830000256933      -503.8860000281331    
   -487.8570000272381      -324.6900000181284      -173.9900000097143    
   -30.27700000169042      0.0000000000000000E+00  0.0000000000000000E+00
   0.0000000000000000E+00  -3.973000000221826      -96.72200000540022    
   -245.3670000136994      -413.0550000230620      -524.8470000293032    
   0.0000000000000000E+00  -7.809000000435989      -115.9020000064711    
   -265.0950000148007      -429.4950000239800      -526.9020000294176    
   -491.0080000274137      -340.0340000189851      -192.0740000107242    
   -45.21000000252417      0.0000000000000000E+00  0.0000000000000000E+00
   -38.22300000213403      -131.3830000073356      -293.0430000163621    
   -432.7830000241625      -501.8310000280173      -544.1640000303829    
   -526.0800000293722      -472.6500000263895      -367.7080000205306    
   -211.1170000117871      -71.78800000400788      -25.61900000143032    
   -255.9160000142880      -365.9270000204290      -507.8590000283558    
   -627.7340000350475      -697.7410000389535      -721.4420000402800    
   -713.6330000398417      -667.7380000372823      -571.5640000319104    
   -436.8930000243939      -304.4140000169953      -231.1190000129041    
   -464.5670000259394      -558.4120000311823      -673.2180000375839    
   -762.2680000425614      -808.5740000451443      -822.5480000459258    
   -818.0270000456730      -789.3940000440683      -721.7160000402984    
   -616.7740000344368      -506.3520000282743      -442.9210000247280    
   -639.7900000357183      -712.2630000397676      -792.8190000442598    
   -843.7830000471090      -859.4010000479792      -858.9900000479583    
   -859.6750000479942      -854.7430000477217      -822.5480000459208    
   -754.7330000421400      -672.6700000375592      -622.5280000347582    
   -803.9160000448754      -838.0290000467998      -860.3600000480475    
   -849.4000000474229      -816.3830000455825      -793.0930000442801    
   -802.2720000448037      -834.7410000465979      -859.2640000479824    
   -852.8250000476032      -820.4930000458046      -794.6000000443737    
   -859.2640000479759      -852.0030000475682      -813.6430000454197    
   -741.0330000413762      -661.2990000369203      -616.6370000344292    
   -633.7620000353758      -701.4400000391638      -781.4480000436255    
   -837.7550000467767      -858.1680000479134      -858.7160000479506    
   -815.2870000455215      -782.2700000436691      -706.6460000394552    
   -597.5940000333632      -491.8300000274612      -435.6600000243249    
   -456.8950000255069      -544.0270000303661      -655.9560000366225    
   -749.9380000418727      -803.0940000448350      -820.2190000457962    
   -712.6740000397953      -661.1620000369107      -556.4940000310697    
   -419.0830000233983      -293.5910000163934      -229.3380000128062    
   -253.4500000141486      -354.6930000198008      -491.2820000274285    
   -614.9930000343345      -692.9460000386867      -721.0310000402534    
   -554.9870000309862      -505.5300000282242      -386.6140000215847    
   -230.0230000128426      -95.07800000530841      -38.63400000215725    
   -58.22500000325081      -158.9200000088727      -311.5380000173935    
   -454.2920000253645      -536.9030000299798      -563.7550000314768    
   -482.7880000269552      -340.4450000190079      -225.5020000125903    
   -60.00600000335027      0.0000000000000000E+00  0.0000000000000000E+00
   0.0000000000000000E+00  -11.09700000061957      -145.6310000081309    
   -289.7550000161777      -408.6710000228172      -519.3670000289974    
   -1.507000000084140      -55.75900000311317      -214.5420000119784    
   -354.0080000197652      -439.2220000245227      -513.0650000286457    
   -481.6920000268940      -394.5600000220292      -291.3990000162694    
   -129.7390000072436      -14.52200000081080      0.0000000000000000E+00
   -411.2740000229625      -510.4620000285003      -633.4880000353692    
   -731.9910000408688      -785.9690000438826      -803.5050000448616    
   -797.6140000445328      -763.2270000426131      -686.6440000383369    
   -572.6600000319730      -455.3880000254254      -388.6690000217002    
   -500.4610000279415      -590.7440000329832      -699.5220000390558    
   -781.8590000436525      -822.8220000459399      -834.3300000465819    
   -830.6310000463757      -806.2450000450149      -744.7320000415798    
   -646.3660000360885      -540.7390000301906      -479.5000000267719    
   -861.7300000481125      -859.5380000479900      -828.5760000462615    
   -763.2270000426129      -688.9730000384671      -646.6400000361035    
   -662.8060000370062      -726.6480000405707      -800.0800000446704    
   -848.8520000473937      -862.8260000481738      -860.0860000480208    
   -483.6100000270014      -350.4460000195663      -211.2540000117948    
   -62.47200000348798      -2.603000000145334      0.0000000000000000E+00
  -0.1370000000076491      -20.13900000112439      -134.1230000074885    
   -283.8640000158487      -418.2610000233526      -519.5040000290049    
   0.0000000000000000E+00  -5.620250086645505      -115.0168144517357    
   -250.6323303292271      -404.5923842021376      -501.0559614519575    
   -464.0737264892445      -315.0396931068777      -189.1949169013608    
   -40.74362870288433      0.0000000000000000E+00  0.0000000000000000E+00
   -42.71616517986696      -147.0404171169611      -303.5570704222447    
   -440.5817916599419      -510.4442431783706      -530.1791358088765    
   -521.3381641362542      -480.5830751011263      -373.3553240316664    
   -222.7254422213796      -83.97821500703516      -26.01120423179551    
   -233.5088892960943      -341.6312456364080      -481.3632235163083    
   -597.4976798062754      -666.5667698772303      -689.8625668791151    
   -682.0737022183763      -636.5300216469064      -541.4625899372103    
   -408.9234924338066      -279.7382714233023      -208.5970898222467    
   -428.0264646470386      -521.4115283758958      -635.3556891538109    
   -724.2456359180604      -771.3173354197083      -785.7566663685358    
   -781.0789894508903      -751.6904151524932      -683.7457452713601    
   -578.8930938104733      -468.9668447612711      -406.4248011317850    
   -599.7336123508670      -672.8867097248950      -754.3910678712041    
   -807.1027049128348      -824.4777625221158      -824.8659721702270    
   -825.0557825449264      -818.5862894602162      -784.8726359689150    
   -715.6998969383517      -632.7544989283149      -582.5305762050393    
   -766.4122560794635      -801.0125595472150      -823.9291451226190    
   -814.4192267345995      -782.7046721975738      -760.1299532099922    
   -768.9669593613920      -800.2498808453837      -823.5892203503987    
   -816.3868811842284      -783.4674441246754      -757.1706278070225    
   -823.7384775177409      -816.8719857871451      -779.7544975583135    
   -708.4391857618795      -630.3651838840508      -586.5660480281118    
   -603.3547713542700      -670.0983441121431      -748.4006449231438    
   -803.4177692496334      -823.1613267570621      -823.4358476318538    
   -796.1367994612550      -768.2843578165455      -701.1019591442007    
   -600.8421841858067      -501.6371835961008      -448.7441635702445    
   -468.9593867195478      -551.1121673682532      -654.9891805948382    
   -739.9733051738863      -786.0594659457284      -799.9295939235682    
   -711.5815020306253      -663.1060296054827      -565.1038511181569    
   -435.5884187083817      -316.5167389689599      -255.3877003137369    
   -278.7527182428578      -375.2083470436626      -504.3079820565535    
   -619.8611913564362      -692.8765386813576      -719.2599158612277    
   -457.0909831000669      -411.5081324289795      -294.7858531949112    
   -136.1626866229151      -18.09792944854070     -0.3581915593250624    
   -2.891396959192809      -68.25492066362129      -220.1070694316032    
   -364.6136664117733      -435.9835310680032      -479.3000156507206    
   -465.0486379372621      -301.9900923690662      -153.5318426142775    
   -21.22551376571852      0.0000000000000000E+00  0.0000000000000000E+00
   0.0000000000000000E+00  -2.644294490494560      -80.48922315192871    
   -224.2919531017717      -390.3688856420953      -502.0186788211530    
   0.0000000000000000E+00  -5.193106244994583      -97.71831230334890    
   -242.5545016012078      -405.6648424811136      -502.1664104039731    
   -465.3777504252366      -315.8868645799652      -171.0010542838613    
   -33.41795074358694      0.0000000000000000E+00  0.0000000000000000E+00
   -27.67570991715521      -112.3943231638745      -269.3210391327617    
   -406.5388899210462      -474.5505376243747      -515.2394532349073    
   -497.0538939522071      -444.2331613780099      -341.0901345429694    
   -188.4500192381389      -56.40923213855570      -17.68015189168741    
   -232.0596522495548      -339.5079243383956      -478.7738446150103    
   -596.2697695694654      -665.3674701263244      -688.7537558117562    
   -681.0551550003006      -635.7192622656771      -540.7298341290114    
   -408.5626452884594      -278.8028588955169      -207.5809108693409    
   -435.5808034163226      -527.7838097155613      -640.4660510960080    
   -727.8852745196049      -773.5369107551439      -787.5003294341656    
   -782.9265600510207      -754.5094490919994      -687.8942112860439    
   -584.8277989567904      -476.3203899875314      -414.1993944352628    
   -606.9437214604502      -678.2836459271534      -757.3076947162650    
   -807.4087188700071      -822.7323412599023      -822.2917544480775    
   -822.7644178339915      -817.9007532106668      -786.4136050533589    
   -719.9558273496971      -639.2930907366087      -590.0644894264252    
   -767.4797377616504      -801.1805097234244      -823.1316663461338    
   -812.5231868803537      -780.1620107607223      -757.2404278690724    
   -766.1173011399031      -798.0221328113847      -822.2880079009967    
   -816.1544686496684      -784.2372733317112      -758.5183667997181    
   -822.0764989673137      -815.0336559662640      -777.2462587702220    
   -706.0064707648569      -627.8272936263402      -584.0505680515437    
   -600.9003843309475      -667.4169151934071      -746.0038247248374    
   -801.2851583081533      -821.2614558975441      -821.7175253531475    
   -779.8532750629548      -747.0255836645554      -672.3101164354302    
   -565.2099022253018      -461.4765570801393      -406.3942569178535    
   -427.4077068100656      -513.0300066819406      -622.8217494876161    
   -715.0153766449637      -767.6082701620574      -784.7298215295276    
   -679.7183223045652      -628.6080303202095      -525.0365882969697    
   -390.3037548556858      -267.6951870837946      -205.4124312388015    
   -229.0917726956021      -327.9533265229942      -461.7706717587100    
   -582.8692022179135      -660.0621136750444      -687.8267554133815    
   -525.4085850018165      -476.2569269259874      -359.0812288789134    
   -206.5304407862671      -77.66127789776304      -27.92502048857390    
   -44.72991692463663      -139.2497011189070      -288.7372001212005    
   -427.6829791570487      -508.7327830738209      -534.2487947667597    
   -455.5233238663246      -314.9829938171277      -202.7933417216695    
   -46.20847357347005      0.0000000000000000E+00  0.0000000000000000E+00
   0.0000000000000000E+00  -7.522725984975200      -127.5123218185148    
   -267.2343107719393      -383.0535315928358      -491.6737812900666    
  -0.9635797302250254      -41.61441795801746      -191.5772459479434    
   -329.0978356287545      -414.3939801307438      -488.3737017296991    
   -456.8534325827256      -369.4941717533849      -267.0787041418528    
   -109.3296569656135      -9.420996867879857      0.0000000000000000E+00
   -382.6462215709020      -480.2903988027501      -600.7020772454448    
   -697.5519852894099      -751.0934609477025      -768.5861778193088    
   -762.7007275729867      -728.4267462206442      -652.8716536528412    
   -540.3654723364765      -424.8189736865665      -359.9498903989064    
   -468.7931953025667      -558.3763038178920      -665.3374337836458    
   -745.8098193436514      -786.5438921371268      -797.7874385170566    
   -794.0112487069749      -769.4422133967304      -708.9029703639998    
   -611.7835244811941      -507.8090646595811      -447.9628868176337    
   -824.1496474774837      -821.9486358930853      -791.6010830936843    
   -727.0935408789877      -654.0028196217540      -612.3183267016996    
   -628.2540796858794      -691.4243437729526      -763.8268555155217    
   -812.1252486503944      -825.7708203877953      -822.7190864761719    
   -459.2650390230128      -325.6069552676716      -187.9674461849921    
   -47.04194074634393      -1.645773046904368      0.0000000000000000E+00
  -8.7442654464120570E-02  -13.42184433207607      -114.1874215495467    
   -260.3109961545367      -394.0014508338818      -495.3284889230682    
   0.0000000000000000E+00  -3.765567331571071      -96.32017920350449    
   -224.8097139447903      -373.5689884387480      -464.4038091919726    
   -424.5426473912873      -281.1635265747536      -163.3650965586422    
   -30.09899717771851      0.0000000000000000E+00  0.0000000000000000E+00
   -31.60873959434124      -124.5490204723310      -274.1352502353513    
   -406.6712082750898      -471.3382548184272      -483.9776803724341    
   -472.5127210558097      -434.1475595313208      -334.2512369592234    
   -193.3244137028997      -66.75589014812110      -18.30317143744989    
   -204.7811169914282      -308.9622661709751      -444.0465868218594    
   -552.8243813504306      -616.2327317377584      -634.5380018982504    
   -624.3774085186806      -581.2056293104297      -492.7011614793182    
   -367.5315210803358      -246.7665737138318      -180.5031206751218    
   -388.5300101208375      -479.0543376718180      -588.2373981553594    
   -672.6192214381130      -715.1523783058543      -726.3694494071686    
   -719.3931830595501      -691.5655142988761      -629.1642290244330    
   -529.9916581222055      -425.5161409888150      -366.8490001363342    
   -552.6833486338310      -624.1900518802105      -702.1071932226978    
   -752.3997450017474      -766.7452140571476      -764.1315465711223    
   -760.8668143826947      -754.4364598892945      -725.0290110811461    
   -661.5284929983591      -583.0391342199052      -535.4353922800299    
   -701.8595030175260      -735.7183084390399      -756.9573000798040    
   -747.4981251069246      -716.4187531551106      -695.1088675125401    
   -703.6045899140119      -733.2801988840790      -755.2856123218182    
   -748.0322102288153      -716.9758582184436      -692.4237395973033    
   -759.6208063353350      -752.3103764129928      -718.6398649068971    
   -652.3686824083553      -579.3006075539083      -539.4845229246698    
   -557.5567023917006      -622.9289627787449      -697.5026520358896    
   -747.0584774371601      -763.2062408720883      -760.9999442938664    
   -738.3027824415287      -710.8128011413697      -646.6469121791224    
   -550.9894827736049      -456.2826840926636      -406.6893659728932    
   -426.8333436691309      -506.6081814157048      -606.5497197522599    
   -687.4382129692108      -730.7119289183147      -742.3994993163304    
   -656.4874026664381      -608.9407968183750      -515.1093120605498    
   -392.3751389506918      -280.2114481678626      -223.2334095245222    
   -245.0700247458925      -337.3818443279987      -461.4941872750188    
   -573.3949091103461      -641.9101927035703      -665.9961984357483    
   -423.5018252511064      -379.1108201402808      -266.0928329040866    
   -115.0531228014517      -12.57303066578634     -0.2393311014545767    
   -1.939540183797323      -54.04423836955239      -196.6438104981895    
   -337.7733093911194      -406.8884879225856      -447.0525526321417    
   -434.5585047308051      -274.0079015017104      -131.6771427998792    
   -14.87398967342083      0.0000000000000000E+00  0.0000000000000000E+00
   0.0000000000000000E+00  -1.797564234609326      -65.42663067519851    
   -200.9335281703524      -363.3869088807676      -472.7603766256900    
   0.0000000000000000E+00  -3.470679227126444      -80.17428476960214    
   -216.4521801167935      -373.7059961564535      -464.5103854333246    
   -424.8262655641846      -281.8680676303235      -146.0323733807500    
   -24.21676256420733      0.0000000000000000E+00  0.0000000000000000E+00
   -19.58165171981237      -92.30812109240631      -240.1867116029727    
   -372.1251713842130      -436.1129988646194      -471.2963138803040    
   -450.8931106344165      -400.7612142410092      -304.0299131815181    
   -161.1111268030789      -42.70485621115483      -12.08289529763656    
   -201.1397461717807      -303.2602597655692      -437.1097974234393    
   -549.5174993119308      -613.7926668398795      -633.2160392876526    
   -622.5819920683743      -578.5007803144282      -489.6765070540869    
   -365.6946136379996      -244.0907179823706      -177.8634686911336    
   -392.1998040560927      -481.2065601689602      -589.3528578412418    
   -672.1381970169639      -713.2612715636212      -723.3820057272408    
   -718.1131453123687      -690.8383172301347      -627.7404400887208    
   -530.5175557618899      -428.8189400303247      -370.9080896821643    
   -554.4030025378969      -623.3820502456800      -699.2487768315559    
   -745.6818704502000      -757.9188800227255      -755.3081702527705    
   -754.7417895845163      -749.0930942523152      -720.0665935921083    
   -657.7153789983355      -581.7465418870250      -536.7763190664360    
   -701.5297525754122      -734.1694350901754      -754.8408214542710    
   -744.2127721893842      -712.6137985250944      -690.5626881164615    
   -699.7266205845679      -730.5124266205877      -754.1926688806464    
   -748.3849180568441      -717.5083082662828      -692.7742648628413    
   -756.3077092907706      -748.5556467487061      -712.7966302537993    
   -645.6830222601566      -572.0183622439902      -532.3678539758263    
   -550.2052148143063      -615.0978079971878      -690.5236013098623    
   -741.5280314340885      -758.5298439428350      -757.0556886348699    
   -718.5210901036352      -686.2972997237446      -615.0371009419873    
   -513.9614592458594      -415.9270610209783      -364.3204315630620    
   -385.0736914147972      -467.7266151722237      -573.2986755073940    
   -661.2497919873649      -710.0216065798928      -724.5318758568350    
   -626.4565618134658      -576.3585697737042      -477.1220397111164    
   -349.5655095203741      -234.3614629149039      -176.4742424116216    
   -198.8728233523109      -292.8129954259157      -421.3939246257580    
   -537.9641700368471      -610.6528997585425      -635.9528072634187    
   -482.9066313135847      -434.9404458306045      -322.6996348602362    
   -178.8075841367227      -61.22204446461723      -19.81787976396681    
   -33.33495877565692      -117.6349182662703      -260.1178720635050    
   -394.2379469532346      -471.4792193841033      -493.3985859564465    
   -420.0382653084185      -283.5355624819630      -177.2386787675306    
   -34.98853413209927      0.0000000000000000E+00  0.0000000000000000E+00
   0.0000000000000000E+00  -5.190564459432594      -108.8847946604249    
   -241.9038352181302      -353.1388079298653      -456.5242110623388    
  -0.5865422487430157      -28.84253111632944      -162.3922281790245    
   -294.3959762378811      -378.5134318523067      -446.8213119972331    
   -414.9138993547256      -330.8704547932804      -233.7932958600597    
   -86.32608790576728      -5.855204851968415      0.0000000000000000E+00
   -340.8462876342307      -435.3793897494353      -550.2569004058169    
   -644.6785326533054      -693.3154336621578      -707.1040931171993    
   -696.6204102836642      -661.3532403000977      -593.0722806844237    
   -488.9763381337977      -380.2240207957280      -318.6654558689138    
   -422.6551666425468      -509.5482780213815      -610.2475894179656    
   -684.2361602798720      -718.9845289006059      -721.4318146726946    
   -713.8721334639594      -691.3672598246776      -638.2959810605548    
   -553.0644066321138      -458.0223236181168      -402.3314105371279    
   -749.9576461778001      -754.2949261039352      -724.6499111166889    
   -663.4612062407997      -601.3071492529109      -560.5364023318982    
   -577.0195331887402      -637.5612469823542      -700.2198586748303    
   -742.3041031309270      -755.8412694230562      -752.7474347886043    
   -426.0084316620074      -294.3229747645614      -162.6460321126110    
   -34.44586526828458      -1.037603461292887      0.0000000000000000E+00
  -5.4852784272026889E-02  -8.723028575083566      -93.33954820792130    
   -232.8295594919779      -363.0820690638532      -460.9212434362627    
   0.0000000000000000E+00  -1.787757750286346      -67.61032195522807    
   -179.9036325703205      -316.3074342377549      -397.2767288291863    
   -354.9931047915999      -223.0052136173780      -121.2777394662865    
   -16.78560883295018      0.0000000000000000E+00  0.0000000000000000E+00
   -17.37428943173773      -88.09065437347253      -219.7753939802231    
   -341.5917557056693      -396.1458097689197      -398.1639806464771    
   -385.5606602344193      -351.4959363978686      -264.4685512981309    
   -143.8203447036154      -41.95383541284189      -9.230890706484704    
   -156.4400673368804      -250.4570135776901      -373.5481170328895    
   -466.9975876493737      -520.9421111074254      -533.9900246511814    
   -523.3271220540782      -484.2734881799946      -406.8584932863557    
   -295.5075652504411      -191.1082178869627      -134.4506737627308    
   -320.0536863265440      -403.4065706550510      -502.5021923788261    
   -578.8719003680128      -616.2501097541524      -623.9308738232749    
   -615.4970440621842      -589.7980040621402      -534.7201554606042    
   -445.0898873503710      -350.8490830055769      -299.3749679731462    
   -469.4579702016269      -536.3062477948674      -607.7561386221729    
   -652.8599305766368      -663.5491225585030      -659.4457012976424    
   -655.5370523528480      -648.6524855206306      -621.7277137476257    
   -563.9931553632571      -493.5477228216405      -452.1624718120536    
   -595.3950922987625      -626.7741102910855      -645.3173905564756    
   -635.0064751653503      -605.9168956503790      -587.1463757088953    
   -595.3191781864828      -623.1298982166842      -643.4071769313434    
   -636.8040922300171      -607.9580286965515      -585.8879594981020    
   -648.4136175503548      -641.6158431746579      -611.0812181662144    
   -550.5319952129813      -484.8401443064213      -449.3312690478972    
   -466.3776648949496      -526.1025719479265      -593.5375467308413    
   -638.4367678486794      -652.5433183608858      -649.4719997632280    
   -629.1169914463002      -603.1768631563948      -545.4109428770906    
   -458.9963272368253      -373.5656300243052      -329.1901802323374    
   -348.0125676565333      -420.5090222140379      -511.7755830585252    
   -586.1073228611738      -624.8994683212576      -633.7560243289939    
   -556.2632082368111      -512.1156201413899      -426.5136721460457    
   -314.6083796984946      -214.7144248435125      -166.1088811153812    
   -185.3284698885481      -265.8623863620727      -377.3867337031600    
   -479.8217811934746      -542.9604004131839      -564.9831046905432    
   -362.2215537430848      -324.1068111059341      -220.5769819377737    
   -84.50104589230696      -6.533915664196072     -0.1155503769578982    
  -0.9392635520158766      -34.74161933354043      -157.0367760214528    
   -287.9967034106821      -349.5062570211279      -384.4732117932757    
   -375.8526461983463      -226.9690948811164      -99.01665998412838    
   -7.855069722468673      0.0000000000000000E+00  0.0000000000000000E+00
   0.0000000000000000E+00 -0.8842064706036320      -43.69014793577502    
   -160.3063699670547      -308.9673143655326      -411.8195074165016    
   0.0000000000000000E+00  -1.533470717095378      -51.54738496553168    
   -166.0031269708182      -307.2857789318804      -387.9628973885962    
   -347.0619889683974      -217.3273792889277      -101.7353234794758    
   -12.22162216611433      0.0000000000000000E+00  0.0000000000000000E+00
   -9.461410625777614      -59.23673115643149      -183.0532841448484    
   -301.6635937150131      -357.5568862460679      -384.3083829315688    
   -363.1728317724954      -318.0802458507054      -233.7605449979579    
   -112.9826364449333      -23.48826840395907      -5.477810552000602    
   -145.4319017398258      -233.3384032563430      -353.1082599749141    
   -455.2062223587369      -512.5160094230720      -528.2280759765913    
   -516.7194503727595      -476.5353454653388      -397.4329061067170    
   -287.3503348217625      -181.7558626664303      -126.0488963513944    
   -311.0400902140491      -390.7983421398699      -489.0234925456583    
   -564.3216547705779      -600.7161772282493      -608.0932586783911    
   -601.2425270582550      -576.1077047205708      -520.0231892811565    
   -433.4251399369167      -342.9267021577231      -291.9188803555300    
   -453.0784022540482      -515.6190505868698      -584.4404956175526    
   -626.3801310882360      -636.8662965717841      -633.5650081047320    
   -632.8727900513024      -627.7577237643777      -601.1002378738691    
   -545.1686594546069      -477.2309014676245      -436.9085162795157    
   -584.0868462712455      -613.9248932206627      -632.4762718841777    
   -621.9959287259792      -592.8872915307185      -573.0879150502436    
   -581.5590923179844      -609.4997745686709      -630.9424843269317    
   -625.6195808358125      -597.7133549015800      -575.6332856960621    
   -635.9063583231028      -628.8755032408540      -596.1849374530467    
   -535.5003800752884      -469.1695489197480      -432.7184528097645    
   -448.4402213163455      -506.6912957332487      -575.4634005576321    
   -622.6396581632574      -638.2982792852476      -636.9284733394229    
   -604.5908059052749      -575.1480168535136      -510.3044380083692    
   -418.8236459105751      -330.8946760575065      -285.1120401987667    
   -303.5928321580782      -377.2616681100317      -472.9118985445691    
   -553.4929481608516      -597.9989723336993      -610.6707816908388    
   -523.2975359606560      -477.9039742379813      -387.8166540342430    
   -273.1862453841280      -172.7063730044828      -124.1117775101007    
   -142.5387010543211      -222.5513254537185      -336.7099829127543    
   -442.5229207627431      -509.2767407049744      -532.4036297277222    
   -394.7704225894308      -351.5396315721996      -251.6786898342920    
   -127.9424677120423      -35.98553459085854      -9.470953428111399    
   -17.44189814258779      -78.68857971538750      -200.3735299345932    
   -319.8045678558435      -387.4972848444281      -404.6834002673273    
   -340.6025509832508      -220.6884948437942      -131.0020281871846    
   -19.58751322798090      0.0000000000000000E+00  0.0000000000000000E+00
   0.0000000000000000E+00  -2.392935413313896      -75.92780460405034    
   -189.3620215453502      -282.6891877303188      -373.0864980372011    
  -0.3574167020838218      -20.19017466143833      -140.1430836902763    
   -266.4717444400699      -346.7672578680553      -410.7100409265726    
   -378.2615097577028      -296.6214905896429      -206.9993899663674    
   -68.49180554046883      -3.627890584075287      0.0000000000000000E+00
   -291.2460325973414      -380.2466477593758      -485.7031457945578    
   -575.7287612667091      -616.4640251438103      -629.5484292414887    
   -616.9039958321650      -583.0520608551643      -519.9438229418793    
   -427.5898376760471      -326.2277120338674      -269.7723842297079    
   -384.4246923288300      -469.7251299391102      -565.1234798982213    
   -633.8566684476650      -664.8805571247907      -664.7558417752023    
   -656.0393922274880      -633.8440155703130      -584.6123041881361    
   -505.4952562281707      -416.7951677027777      -365.3710526288465    
   -667.9837714429292      -668.8893584173486      -642.7651951327711    
   -587.8303986346007      -528.5146857483278      -491.9516932300567    
   -508.6183133356298      -565.4565739311570      -625.9844209313221    
   -665.7929850721073      -675.3813307122871      -670.0509370164220    
   -397.7239245949533      -271.7281339052189      -144.9152938690513    
   -26.59688508586531     -0.6955957153476308      0.0000000000000000E+00
  -3.6703459499992416E-02  -6.109981712241419      -79.69476004366400    
   -212.3294039444526      -337.1549851420019      -430.8685337070114    
   0.0000000000000000E+00   4.277046312695238       83.47572900105594    
    166.4183200608988       251.0411157043642       275.1368139658860    
    215.2599351962187       146.2807518861482       114.5371094286812    
    29.18673499543565      0.0000000000000000E+00  0.0000000000000000E+00
    27.82900682443110       88.80729281266551       173.6488506891295    
    232.1700731402351       212.4034612261881       119.2366764205711    
    110.1344714603697       100.8523093478177       93.22409564527777    
    86.79784404876803       49.74322836970475       16.96290785155575    
    118.7798343717834       158.6817735786071       192.1930290745906    
    138.9272342900422       130.0090720465515       122.9242930506861    
    124.3212213793125       115.6505294723167       109.6475824467408    
    86.83883899025624       97.73366705515969       92.37757753222677    
    110.7125875338176       130.3369925362649       134.5238682945687    
    146.9115097665004       158.0534956471096       159.7518238189332    
    159.7661683999620       154.0195789831200       151.4616243486164    
    127.2227863435113       106.0124235042236       104.7579791062559    
    164.2568518033445       183.0032358146310       193.1964909633167    
    210.5693435741587       214.0729575630702       214.3257663039857    
    208.6685817422432       204.3063617676561       203.1846689769932    
    188.9269335590938       168.9426904655170       160.1066107766244    
    136.4016238410284       143.3303847596435       144.0436473884862    
    143.1453537146887       137.1428058704309       137.1024376162592    
    135.8242160302777       142.0509907736479       141.9744558226631    
    141.9798669041533       135.8296082346406       135.4665910338508    
    157.1378480881543       152.9248979687436       158.1027881515468    
    144.8764129937738       133.2406819883142       127.2019903245066    
    129.8224292219333       143.7722485971130       150.2427838766787    
    159.8835965224911       160.6405843757483       158.2679984110963    
    141.0587793932484       133.1429330805576       133.6787777617740    
    116.0076373392722       100.3721677055559       96.09219011967075    
    97.88111246783357       110.7275078711228       116.3024546635574    
    130.8326508062119       139.9414677951069       138.9320317183418    
    118.8455704995779       108.3416015719159       102.0135698137060    
    83.55724401228171       67.83764799367628       63.86193238801004    
    70.05282194803971       80.86377207728466       90.11741777359639    
    107.3704219656290       117.8672982596715       117.8540731007201    
    263.4815826915617       246.1368276078862       188.9883168868308    
    90.53831481534090       13.33877029239838      0.2650936093205217    
    2.221857365727848       50.00109727244943       164.2085559974012    
    244.0560152417060       266.8005058443478       279.6926400007400    
    306.8881611001609       208.0118710207915       110.3846132403267    
    16.26780302799715      0.0000000000000000E+00  0.0000000000000000E+00
   0.0000000000000000E+00   2.103686131472072       60.59065276562464    
    164.5161694863336       261.0237082429713       328.2469425963033    
   0.0000000000000000E+00   3.574367834044693       61.68313235951420    
    137.9541007739513       215.4058339600388       239.9877699016388    
    185.2556607423140       131.7587059004453       83.03169625746038    
    20.31768144437619      0.0000000000000000E+00  0.0000000000000000E+00
    15.92119772646433       55.27542918317259       118.3156960741208    
    151.6568499009186       151.8171699678880       107.7004392909879    
    92.64117366155803       82.69047207827047       75.94895315801156    
    58.82423904438745       25.90345287240235       9.687021735043338    
    61.68463795387906       74.95103699310705       88.65945033082602    
    90.57447942393942       90.27348456424097       86.56778765196398    
    86.09213490206695       84.21596559489495       81.07452007539501    
    73.41954449442035       64.14099535566658       55.84620048489018    
    76.69255782676163       81.74608859882575       85.35239621233872    
    87.72152802112463       88.92947509257644       89.13200928927526    
    89.16215077157888       88.57998290115030       87.29986841782899    
    83.67001620418138       78.63817434904318       75.51811419660140    
    85.09852946589162       86.94408850101257       88.46393109117398    
    88.96973309727089       88.84814251662749       88.78177449455791    
    88.66100859170098       88.64353040623109       88.34206588337267    
    87.58914228326935       85.85761921336768       84.64098169815075    
    87.54244392906084       88.19733112158282       88.19917035179297    
    87.78824361006242       87.21012299635876       86.90918122588592    
    87.03613004791640       87.60002393278079       87.96673217220611    
    87.93647868401295       87.55404028705921       87.27788761373016    
    88.52758074238197       88.48244880388302       87.93882371687990    
    86.82787586360389       85.16273707950758       83.96472872133489    
    84.34507102578978       85.87880482631725       87.48067363078616    
    88.39263127985596       88.70847979181603       88.55998743176882    
    88.15362601166827       87.34020821130397       85.46408621188323    
    82.04749510158732       77.64444488180827       74.71547818690755    
    75.79994598420626       79.62256880266172       83.51531308174398    
    86.16044628234540       87.78199959295850       88.13094651916832    
    85.37284937446984       83.49795357874592       78.95005875061339    
    71.18404201670276       60.88725781219940       53.51403245439724    
    56.81319930195346       66.39519210648182       77.63432905903444    
    83.47864336408813       85.55003605946359       85.88838327323201    
    91.89242680514789       84.33784463675515       76.60216523537248    
    65.54114774710247       34.29554687754698       14.58888148128840    
    24.85743781991571       70.91203384901817       141.1484954300771    
    146.1482070084028       139.1059537657275       104.8618093205089    
    106.0184870979190       80.61396805105255       70.44745443505627    
    29.64757367459281      0.0000000000000000E+00  0.0000000000000000E+00
   0.0000000000000000E+00   5.440275599655796       85.81439104092497    
    132.6485649486983       116.4670839036108       114.1109389856874    
   0.8451124258604628       33.96376755892495       152.1149393658477    
    248.2030035170405       300.0334630347134       338.1001744684310    
    313.5890302750159       259.0093579114337       201.5113349573327    
    86.77718351460275       8.334043325321417      0.0000000000000000E+00
    125.3523762926120       147.0007111712872       138.5073416739773    
    144.6837532999617       154.1848332844240       155.8103824349368    
    155.1763339292544       147.3227090426916       143.3911790122000    
    119.1066463007061       100.6612563430602       108.9734765482691    
    150.1845851715065       184.5641448387385       191.5645308127626    
    182.5852542329384       193.1365746896792       184.3392754458683    
    183.8748782342642       172.6233423961748       171.4240864439676    
    151.9250107152194       144.4859000161929       142.1790765620499    
    159.6427889412820       155.2850213159275       160.6946139967396    
    147.3966926421636       138.8597205070112       133.1916269220491    
    134.6816317056071       151.0122908433672       156.5980982558576    
    169.2340965367096       169.2232458789194       161.2004645508042    
    346.5448155970529       262.8263005683972       157.8409824365515    
    42.19974255476567       1.585658722609027      0.0000000000000000E+00
   8.0719993803331738E-02   12.50388603299225       97.24444381835109    
    217.9006876506469       310.4706911007856       368.4999120222753    
   0.0000000000000000E+00   3.124185460303095       75.22277903120417    
    157.6450068543207       243.9797601701919       269.0648409353308    
    207.4362619354202       136.6088913228002       105.1194429420132    
    23.41128349963256      0.0000000000000000E+00  0.0000000000000000E+00
    22.23694307147012       80.20008950232429       165.3524806708685    
    225.3756525415973       205.1271519462502       109.2589051144451    
    99.93388962035365       90.36409903369216       82.60788893046607    
    76.87926269211543       42.12539508212228       12.76304489896899    
    109.4466395268805       149.8007263484088       184.3092742520726    
    129.8489696759733       120.8152506529918       113.5900703685058    
    115.0487848466838       105.9935474550580       99.60640883592930    
    76.01152494089729       87.61454427756637       82.72272617708963    
    100.1978493533924       120.4905615049655       125.1532597499810    
    138.3480641068863       150.0871425207985       151.9193592191714    
    151.9911315040906       145.9673872979248       143.0228378297756    
    117.5989053395169       95.52619206197636       94.13678539011804    
    155.9806930549200       175.5515442295989       186.4853965419392    
    204.7653578880657       208.5512977464564       208.8906291971281    
    203.1316178934936       198.5919588500336       197.1893772093520    
    182.0238371038459       161.0100703071877       151.6564228575626    
    128.2063598198926       135.4555458666745       136.3144560161630    
    135.3375449674627       129.0004370740976       128.8722227277919    
    127.5982547454132       134.1581600596486       134.1469564788556    
    134.0965123117577       127.6301172186888       127.1941478889322    
    149.8381071257148       145.4152923767302       150.6086934349889    
    136.5777713429940       124.2295199325976       117.8209240157241    
    120.5256700112209       135.1278320223197       142.1496157471376    
    152.4342117265723       153.3671254816609       150.9620810925631    
    132.9773601545855       124.7336403627071       125.0644705297638    
    106.4707896736661       90.11718570701971       85.65540672054742    
    87.44505574689717       100.7731638094530       106.8177806152786    
    122.1889074119888       131.7823690326950       130.7764519096050    
    109.4920067809059       98.57850494429933       91.94255678642924    
    72.83262980145255       56.95810502442939       53.26413722872102    
    59.46242415796954       70.18289471971678       79.63384024925716    
    97.62534800412978       108.4903536730298       108.5013292041976    
    256.7805338315467       238.8531817964874       180.3165827575794    
    81.47349858579064       9.898267416392594      0.1879688598088587    
    1.620258012684548       43.08782982394974       155.7425254074750    
    236.8840478883994       260.1720176692470       273.5473327837399    
    301.1980135989072       199.4822668132372       101.0249367262638    
    12.31331902388505      0.0000000000000000E+00  0.0000000000000000E+00
   0.0000000000000000E+00   1.556459512029468       53.10865371473948    
    155.8377306924946       253.9742133424670       323.3380367533071    
   0.0000000000000000E+00   2.574987594092496       54.12265004182149    
    129.2008517225748       207.9478257421959       233.4364748743666    
    177.1689888580944       122.3348661690091       73.78662543635274    
    15.40448071697401      0.0000000000000000E+00  0.0000000000000000E+00
    11.74759879315071       47.26647013318060       109.2354405463997    
    142.9308891428611       143.0038983567438       97.64762102236072    
    82.19453021917377       71.98093296226824       65.29644534496781    
    49.04726988715551       19.48973191665231       6.597909391659439    
    51.47276713817833       64.41086924909473       78.32725666410289    
    80.49078249859593       80.28617969648593       76.49909708897714    
    76.04211910347789       74.03865253131654       70.66623018366013    
    62.71769858648644       53.63181081109276       45.76996492905357    
    65.99345843624479       71.23704710074551       75.21281508131520    
    77.96337903247935       79.38310046377170       79.65045073158595    
    79.70765375747916       79.03907791812252       77.50392705108062    
    73.47367507303190       68.11328612444464       64.84320357089652    
    74.98806625443783       77.04278123553595       78.88815268519458    
    79.62086883412645       79.59672089633605       79.56490397480808    
    79.46877916886017       79.42957024598236       78.96855979276546    
    77.92335362000956       75.89998577050061       74.49816409183798    
    78.16292315482833       78.91458253142258       79.00755052743767    
    78.54590096774425       77.84157928248133       77.45330339701893    
    77.62000973866078       78.31197259130288       78.75577398819642    
    78.68287186295190       78.19443653124905       77.85110883710986    
    79.31903374968174       79.22402189987091       78.52912115077679    
    77.11230455915749       75.15068921299043       73.79144832148356    
    74.19660450112796       75.93986796591031       77.84723487158595    
    79.02584409357723       79.46129587938022       79.33073892160051    
    78.59423578740707       77.68587431350667       75.56402403377238    
    71.77785159316123       67.10966622253125       64.10966619826888    
    65.16249963946649       69.10234687601600       73.33093246793985    
    76.36029914340210       78.18866714029421       78.58375744192024    
    75.18460553732370       73.19383438242775       68.45268186370394    
    60.48640287877843       50.46611595011712       43.58241581825411    
    46.72666542089123       55.85680025556785       67.13292634914234    
    73.22499403587126       75.39428154817737       75.75861849716941    
    81.32128045174672       73.59711649039379       65.90305209786030    
    55.70144975637953       27.02303356851316       10.40056405445744    
    19.52419539046682       62.78261499041386       132.6390989133516    
    137.3770431946218       129.9899910447976       94.71069795383825    
    95.47462653249823       69.66370535699889       60.24780615123081    
    23.71626135352122      0.0000000000000000E+00  0.0000000000000000E+00
   0.0000000000000000E+00   4.037671170165646       77.88490814249758    
    123.6864458751076       106.4201375374266       103.8651765202588    
   0.6001395175590989       27.30094550449551       142.1444642640734    
    239.5299139202020       292.8477329832035       332.5603351621997    
    307.0971502032859       250.6476803820188       191.5887280088447    
    76.88559051077087       6.000746608601274      0.0000000000000000E+00
    114.0184696887684       136.3000349854348       127.7939519223314    
    134.4932840046805       144.6067370844757       146.3602606598602    
    145.8235147995888       137.6518769322485       133.2593245580275    
    107.6940686964359       88.53303352217263       97.13308524254323    
    138.0559545836301       173.7370656825488       181.4253920839841    
    172.5538362963640       183.7963968057055       174.7961672000325    
    174.4142544499725       162.6322043156049       161.0649335133120    
    140.3073747182167       132.3079483911422       129.7694674728478    
    150.4867759392628       145.8711457808307       151.3676004448717    
    137.2318634306620       128.0177697229679       121.9884318266086    
    123.5356515157200       140.6676221422934       146.7993118219543    
    160.2262478001573       160.3270629224875       152.0236940168980    
    340.3741102592806       253.8195739052098       146.7615386885491    
    34.42253261562187       1.134491586961465      0.0000000000000000E+00
   5.7828030607865302E-02   9.341944593313334       87.24531854981716    
    208.1066162304870       303.0496137311122       363.3170937948415    
   0.0000000000000000E+00   2.488006498570022       69.06982462678519    
    150.4136361599785       238.0440842861260       263.8480174530008    
    200.1549036958054       127.8433135257984       97.38485030589521    
    19.73188071735721      0.0000000000000000E+00  0.0000000000000000E+00
    18.67259321474149       73.50611873025495       158.3458139910308    
    219.4463997644253       198.1220314153602       98.60724692694797    
    89.04864189626480       79.34549160255527       72.07512830360213    
    68.17749843747535       36.62791851751879       10.24902418766817    
    101.4567175852195       141.7706194758666       176.6224027246936    
    119.7107129071256       110.1101953410649       102.5810476295897    
    104.1859137050503       94.88453817121174       88.53594300082145    
    64.80653052052050       78.17815700800286       74.37190100582193    
    89.18558781894832       109.7158215820362       114.1624104414130    
    127.7709088819436       140.0294184544757       142.0066548293648    
    142.1541444924106       135.8690905738517       132.8205058769563    
    106.5504665861930       84.10004328943076       83.06489709635278    
    146.3953256174436       166.5805314233243       177.9506818070797    
    197.1518768136962       201.2901358755222       201.8058100478310    
    195.8498731048202       191.0581308283179       189.4858469579499    
    173.5471211054916       151.6862114657294       141.9892425720731    
    117.4686391721019       124.9372750994822       125.9005737319209    
    125.0016227737528       118.5107043094793       118.4288605034838    
    117.0752494006676       123.8734256218882       123.8412261430363    
    123.7972625150216       117.0328790464694       116.5245915339541    
    140.0502475618299       135.3741118421722       140.8430320823901    
    126.2590230083451       113.5762118266503       107.0249028555173    
    109.7611746273528       124.8304879907567       132.0623078372255    
    142.8486081796682       143.8159202911671       141.2959409102544    
    122.7282418767918       114.1276718782106       114.5616293188476    
    95.45098218123606       78.88538727894884       74.57226200941848    
    76.30295550992892       89.79321832028278       95.76310134977308    
    111.6428652900927       121.5668722867311       120.4711824644363    
    98.52456981863320       87.26786343508780       80.67738742482550    
    61.55079118454931       46.25647327689838       43.32019452487970    
    49.41109772697604       59.43390649986189       68.31800511670231    
    86.51248573982051       97.54648429302091       97.44487587994615    
    251.1413215164621       232.6727386172969       172.9337608150967    
    74.31530728940911       7.855496054273885      0.1439773758155830    
    1.272147757256851       38.06165125066747       148.7459124967119    
    230.8512440585725       254.5395854815978       268.4053534552993    
    296.8566101416919       192.4178616116550       93.67839696725780    
    9.973043897911605      0.0000000000000000E+00  0.0000000000000000E+00
   0.0000000000000000E+00   1.236575314373351       47.52800322484592    
    148.5951882004559       248.0779665773904       319.6905305661930    
   0.0000000000000000E+00   2.035992908586746       48.72654579410635    
    122.0815581433983       201.6085417496689       227.7219441966190    
    169.6745393234850       113.9660708343526       66.36166597803661    
    12.42153462178520      0.0000000000000000E+00  0.0000000000000000E+00
    9.251466969611835       41.26718500371481       101.4099298030710    
    134.7870436402123       134.3443335854216       87.16513918610543    
    71.31476202969166       61.06460861153063       55.03509621076453    
    40.73198170329318       15.18543389354229       4.831281442468114    
    42.41129335634513       54.27681365087260       67.54224713768974    
    69.20797387684355       68.73266948930490       64.72674199233572    
    64.33624916994866       62.39646689885107       59.23453245880940    
    51.76236955759454       43.77724091923968       36.95431014927784    
    54.76079959092141       59.67005116042367       63.36475324690413    
    66.03743066900671       67.47231220035724       67.77624428804823    
    67.87020246749285       67.19752152040697       65.69625043794623    
    61.78274733134618       56.69091107087812       53.71318823729240    
    63.04291617158140       64.95096049834338       66.73926990487377    
    67.52559811638426       67.57763714454080       67.62573385005660    
    67.52971842571766       67.45936671482168       66.97151093781915    
    65.93088659881481       63.98688569410509       62.63659831238713    
    66.07086094176601       66.75733868748183       66.88524142369766    
    66.50389762388561       65.89349437767100       65.55133906379712    
    65.70651340764722       66.36327247436707       66.78460787801561    
    66.70810059084741       66.21060398031888       65.83285698602424    
    67.27171103141032       67.13618854362461       66.48406866342971    
    65.14495432523066       63.35490233458758       62.10149300061821    
    62.46709039801256       64.09374275936298       65.92546309272241    
    67.10392215145345       67.51481904312512       67.35004529851219    
    66.72470988134558       65.80834743985777       63.76412849717401    
    60.19209079421348       55.89429580801834       53.18240579377367    
    54.12741971827695       57.74328523611335       61.72064232940674    
    64.63289892163191       66.39332751579413       66.73693134885187    
    63.49645406353070       61.57184184831161       57.06831350521389    
    49.67330086427084       40.75013441898174       34.81699383099332    
    37.63696993074233       45.67819530008148       56.24705879349305    
    61.90665411960810       63.82429823566387       64.07278939546758    
    70.30412827818562       62.56689851064875       55.50725380903807    
    47.19111476654914       21.79166652396079       7.829052897488134    
    15.99660858715253       56.30977343522373       125.3077813433142    
    128.9757811949215       120.8337931472404       84.14983599924639    
    85.06577086202441       59.56624935238931       51.65874177547294    
    19.92482689627630      0.0000000000000000E+00  0.0000000000000000E+00
   0.0000000000000000E+00   3.232051352559211       71.76231488526183    
    115.9364503560570       96.87656298125238       93.57045465162180    
   0.4530000514553693       22.66636993745712       133.8637414684900    
    232.9320764176221       287.7467804918878       329.4581056181832    
    302.8181778241974       243.9932183639618       183.3266692002327    
    68.94367462823737       4.579654750026804      0.0000000000000000E+00
    102.1139920182620       124.5537640945658       115.0804825031510    
    121.7753155325708       132.3743900029712       134.2678054499521    
    133.8250928778987       125.3223414996666       120.8127154741872    
    94.35863021816840       75.11226966406234       84.72823871588454    
    123.7909572226731       160.7642104527985       168.5642421070479    
    159.1594573467445       171.1936660860006       161.9157379926850    
    161.6034284195711       149.0658845433737       147.3822423537256    
    125.4853655495897       117.5124262324017       115.2331583555057    
    137.7849882331019       132.7315639029377       138.6248109143877    
    123.8557577093802       114.2793832997851       108.1465618051511    
    109.6715991460570       127.5500837074224       134.0054521578849    
    148.2366919488592       148.2771160406173       139.4682562615318    
    336.0991029944153       246.1822329013545       137.0620587819615    
    28.68663470463347      0.8498615905876863      0.0000000000000000E+00
   4.2952845136053019E-02   7.210301876180085       78.62469655889790    
    199.4787533806452       297.2140077566817       360.3143013749628    
   0.0000000000000000E+00   1.509225092791733       57.50933985511700    
    136.9246547492710       228.7535364407443       256.8791328609519    
    187.2233634670898       110.4098812619638       82.16566848840912    
    13.40330865311072      0.0000000000000000E+00  0.0000000000000000E+00
    12.13941602595514       59.69903646890230       144.2605686086183    
    208.9175177895872       184.9604785811085       75.25299234218414    
    64.73563485335902       54.55216932894916       48.45063859781759    
    49.22970399204756       25.69252880682440       5.881923558172054    
    84.50892437538283       125.0281411779830       161.5222058050215    
    98.53649099401791       87.57036887715829       79.03052364837480    
    80.74937493294431       70.51021987900715       63.99884099394369    
    39.74576752618430       57.58090604934191       56.50961818247582    
    65.86704864600270       87.41820386094955       91.90765098608732    
    106.9755271880088       120.6617714898630       122.8519890558030    
    122.9763094036244       115.8363279978043       112.2377606311808    
    83.40984488945956       59.71451392754914       59.48580613626418    
    126.0025192021166       148.3423081400604       161.3592548041869    
    183.1924965198042       188.1161762453354       188.7993042815149    
    182.2393005540919       176.8226675529237       174.7054875630828    
    156.4517012977674       131.9746610825067       121.2247586928116    
    94.60828016627335       102.9163089097963       104.2187585748709    
    103.3790541569189       96.15901133971519       95.99843242840440    
    94.53668549601338       102.1933033075362       102.2374004143906    
    102.1433763936947       94.41588185657452       93.68348472374637    
    120.0862019703257       114.7850743439463       120.6885405878273    
    104.2707598933387       90.27723486985575       83.21615102767055    
    86.18659247258667       102.8004425586249       110.9915212386673    
    123.2821398715800       124.4400108114209       121.5811583556762    
    100.5958069322634       90.89875327766873       91.24725074333726    
    70.31823733268165       52.89689321144160       48.91766078252535    
    50.56622608049430       64.67428761651898       70.88091825360578    
    88.50220575203720       99.54648530357633       98.23218377099407    
    74.42801726208533       61.96599003710816       55.10556644126911    
    35.61366858186959       21.79351412161652       20.84666457998033    
    26.57610258201780       34.77480013615913       42.49374621497582    
    61.75306323960019       73.62543029602777       73.33480698883251    
    243.0144404062357       222.7262005919980       159.4992156392042    
    61.10270628472718       4.724674416780180      7.9394664007771829E-02
   0.7591128027392315       29.26286596464111       136.0566627449868    
    220.9798705270164       246.6116149541078       261.9800465159381    
    292.4509440069332       180.1453706071420       80.22329791914079    
    6.364177489144121      0.0000000000000000E+00  0.0000000000000000E+00
   0.0000000000000000E+00  0.7639543906015380       37.65216949105091    
    135.4428519851646       239.5423588275975       317.6775680210894    
   0.0000000000000000E+00   1.109466063818506       37.23267616060355    
    106.3250028248090       188.6734682641745       216.7160744812697    
    152.9155123394759       94.32008261139454       49.38232601693753    
    6.767112193377499      0.0000000000000000E+00  0.0000000000000000E+00
    4.571753614375742       28.00120281764517       83.38077092797847    
    116.2611490177661       114.4539592873664       61.87364965198265    
    44.56130645848518       34.09820235519562       29.89797370523883    
    21.15034954249155       6.355925430111324       1.654298786704181    
    20.60770047653329       29.47064033127614       41.17242311307496    
    41.74241059029615       40.64251954724963       35.91950916640820    
    35.44695429557133       33.45278125166676       30.68182035143853    
    24.48224852681419       19.70233551304103       15.88216094027571    
    26.71834374938685       30.91214886326372       34.18274212894152    
    36.90663622199582       38.44583534260796       38.73554057781350    
    38.78014299525745       37.96549774108558       36.34962093075287    
    32.50688549526876       28.05140423650176       25.89320468753552    
    33.25595472544717       35.06209543990711       36.99508337259117    
    38.02127395705592       38.21197779430702       38.33068299033625    
    38.22551651909871       38.10489383249774       37.44854481954205    
    36.19919898778591       34.21745563522870       32.94290212747551    
    36.33020183807142       37.01967106120593       37.25285241397805    
    36.94655816632314       36.34399097083308       35.98992106515536    
    36.17297554217874       36.93568633886144       37.41488932058692    
    37.28692701781446       36.63982865546684       36.14977034171271    
    37.77283768439232       37.54386754347899       36.78461064085297    
    35.34302508496916       33.68637361243793       32.62697134185620    
    32.96035626675140       34.50567723943433       36.42683325529809    
    37.79422725050973       38.23406692918634       37.96093701102963    
    37.54508904671757       36.46438426851270       34.34348867796324    
    31.03483216197362       27.59661598319600       25.68859482190888    
    26.35185783132122       29.16232694490539       32.72550337928413    
    35.64494586155891       37.43473566808959       37.67838723032473    
    34.74695638778751       32.78421263272555       28.65965073313055    
    22.72909561595941       16.95976582904020       13.72676259261714    
    15.56522615513188       20.43021167665136       29.09174252366197    
    33.94150802250239       35.44566115306619       35.45808173986630    
    43.42474648483735       35.50550278879221       30.10077130418135    
    27.05983192109693       10.59054283008967       2.992821283283204    
    8.970368214732900       41.64986524335460       108.4421544006017    
    109.5010840338408       99.54805247653353       58.71956137878917    
    60.21853101383875       35.44257227191333       31.79419224102969    
    12.50662719606580      0.0000000000000000E+00  0.0000000000000000E+00
   0.0000000000000000E+00   1.840167332838387       58.38848174051471    
    98.16527196910955       74.51686988571204       69.28216268550830    
   0.3083433888877131       17.50690044893318       122.9895702465864    
    223.8096181552148       281.0895392278456       326.3501985202545    
    298.1457219910213       235.7844228697072       172.5132915979706    
    59.31390359804603       3.172590315773838      0.0000000000000000E+00
    83.44198833913828       106.5831353669530       96.12065255274301    
    103.3433126473743       115.1554798968638       117.1589626818410    
    116.6565456118624       107.2232739912647       102.2209555903734    
    73.67372903158294       53.92544079919828       65.15003079147446    
    109.2919400290864       148.1982784957893       156.9347903677360    
    147.4984467477717       160.8346067684869       151.0990028355035    
    150.7578523338767       137.1638449694157       135.0454422674594    
    111.2089563701975       102.6566498051941       100.3308910518812    
    122.5750220597775       117.0556377230360       123.2823644264655    
    106.9263495116339       96.34822721192015       89.68279367583931    
    91.24612541241198       110.7163971757205       118.0606617876473    
    133.8243899994936       133.9956560133177       124.4284590039495    
    331.9801598594076       237.6805987268949       126.8878313117413    
    23.32014884328671      0.6130285039358673      0.0000000000000000E+00
   3.0500574844493700E-02   5.376783906772448       69.82854875025838    
    189.9074188879185       290.8636056820051       358.0517515105265    
