 reference surface albedo
 0.0000 0.8442 0.8506 0.7611 0.7232 0.6466 0.5274 0.4951 0.6775 0.7985 0.7559 0.0000
 0.6987 0.6777 0.6564 0.6116 0.4669 0.1890 0.1679 0.1552 0.1832 0.3423 0.6124 0.6372
 0.5402 0.4992 0.4324 0.2110 0.1681 0.1480 0.1543 0.1456 0.1573 0.1345 0.3013 0.4203
 0.2058 0.2167 0.1829 0.1848 0.1958 0.1969 0.1998 0.1964 0.2099 0.1874 0.1702 0.1987
 0.2684 0.2766 0.2655 0.2806 0.2835 0.2863 0.2780 0.2726 0.2810 0.2774 0.2674 0.2681
 0.1589 0.1642 0.1615 0.1628 0.1587 0.1635 0.1588 0.1640 0.1589 0.1604 0.1553 0.1599
 0.1852 0.1789 0.1975 0.1894 0.1862 0.1852 0.1848 0.1954 0.1870 0.1931 0.1907 0.1872
 0.1599 0.1507 0.1673 0.1532 0.1416 0.1486 0.1453 0.1538 0.1385 0.1510 0.1593 0.1550
 0.1338 0.1210 0.1292 0.1132 0.1015 0.1255 0.1434 0.1308 0.1126 0.1287 0.1356 0.1298
 0.6709 0.6872 0.7231 0.7231 0.7231 0.6871 0.8082 0.8423 0.8664 0.7673 0.7056 0.6814
 0.7781 0.7937 0.8102 0.8102 0.8381 0.0000 0.0000 0.8640 0.8618 0.8449 0.7753 0.7714
 0.0000 0.7235 0.7223 0.6405 0.6140 0.5586 0.4406 0.4340 0.4854 0.5537 0.4505 0.0000
 0.4832 0.4727 0.4555 0.3854 0.3201 0.1610 0.1227 0.1072 0.1279 0.1872 0.2706 0.3020
 0.1417 0.1263 0.1166 0.0917 0.0793 0.0680 0.0686 0.0702 0.0772 0.0852 0.1084 0.1260
 0.0859 0.0791 0.0699 0.0654 0.0640 0.0637 0.0645 0.0659 0.0699 0.0750 0.0818 0.0887
 0.0734 0.0680 0.0633 0.0607 0.0600 0.0605 0.0604 0.0607 0.0623 0.0664 0.0717 0.0754
 0.0622 0.0603 0.0589 0.0594 0.0613 0.0628 0.0622 0.0606 0.0593 0.0596 0.0613 0.0628
 0.0594 0.0597 0.0617 0.0660 0.0718 0.0754 0.0735 0.0681 0.0633 0.0607 0.0599 0.0596
 0.0621 0.0634 0.0673 0.0741 0.0834 0.0901 0.0868 0.0773 0.0692 0.0644 0.0626 0.0617
 0.0664 0.0686 0.0739 0.0832 0.0982 0.1106 0.1092 0.0918 0.0864 0.0767 0.0696 0.0666
 0.1100 0.1010 0.1196 0.2115 0.2943 0.3160 0.5143 0.5293 0.5412 0.3424 0.2569 0.1451
 0.1768 0.1606 0.2427 0.6385 0.6385 0.0000 0.0000 0.7690 0.7690 0.5184 0.2636 0.1857
 0.8627 0.8671 0.8776 0.8399 0.8106 0.7946 0.7882 0.7949 0.8334 0.8660 0.8745 0.8627
 0.2865 0.2803 0.1979 0.1795 0.1868 0.1861 0.1891 0.1839 0.1966 0.1723 0.1653 0.2415
 0.2843 0.3155 0.2777 0.2327 0.2419 0.2273 0.2298 0.2164 0.2310 0.2200 0.2463 0.2746
 0.1835 0.1750 0.1918 0.1819 0.1823 0.1823 0.1794 0.1958 0.1886 0.2010 0.1984 0.1857
 0.8347 0.8747 0.8756 0.8768 0.8813 0.7098 0.8310 0.8800 0.8762 0.8944 0.8627 0.8310
