    27959530246.18038     
    64831131962.47025     
    101152538333.0074     
    136534314554.7540     
    170642276000.3188     
    203157288767.8685     
    233775588666.2781     
    262211239277.2192     
    288198719666.8819     
    311495380335.3575     
    331883700924.8285     
    349173318105.8821     
    363202801639.7004     
    373841160998.2981     
    380989068085.3707     
    384579784480.7819     
    384579784480.7819     
    380989068085.3707     
    373841160998.2981     
    363202801639.7004     
    349173318105.8821     
    331883700924.8285     
    311495380335.3575     
    288198719666.8819     
    262211239277.2192     
    233775588666.2781     
    203157288767.8685     
    170642276000.3188     
    136534314554.7540     
    101152538333.0074     
    64831131962.47025     
    27959530246.18038     
