       1       1  14.60
       1       2  14.57
       1       3  14.47
       1       4  14.44
       1       5  14.35
       1       6  14.22
       1       7  14.13
       1       8  14.11
       1       9  14.02
       1      10  13.99
       1      11  13.96
       1      12  13.89
       1      13  13.81
       1      14  13.70
       1      15  13.61
       1      16  13.53
       1      17  13.49
       1      18  13.49
       1      19  13.51
       1      20  13.56
       1      21  13.61
       1      22  13.63
       1      23  13.57
       1      24  13.54
       1      25  13.61
       1      26  13.69
       1      27  13.80
       1      28  13.80
       1      29  13.94
       1      30  14.03
       1      31  13.99
       1      32  13.98
       1      33  14.01
       1      34  13.94
       1      35  13.95
       1      36  14.04
       1      37  14.03
       1      38  14.07
       1      39  14.04
       1      40  14.01
       1      41  14.04
       1      42  14.07
       1      43  14.06
       1      44  13.98
       1      45  13.94
       1      46  13.94
       1      47  13.95
       1      48  14.03
       1      49  14.03
       1      50  14.04
       1      51  14.09
       1      52  14.15
       1      53  14.23
       1      54  14.20
       1      55  14.19
       1      56  14.24
       1      57  14.34
       1      58  14.41
       1      59  14.40
       1      60  14.29
       1      61  14.22
       1      62  14.30
       1      63  14.30
       1      64  14.30
       1      65  14.39
       1      66  14.47
       1      67  14.43
       1      68  14.39
       1      69  14.34
       1      70  14.35
       1      71  14.43
       1      72  14.38
       1      73  14.30
       1      74  14.29
       1      75  14.33
       1      76  14.38
       1      77  14.41
       1      78  14.41
       1      79  14.38
       1      80  14.34
       1      81  14.36
       1      82  14.36
       1      83  14.36
       1      84  14.43
       1      85  14.51
       1      86  14.50
       1      87  14.53
       1      88  14.61
       1      89  14.68
       1      90  14.69
       1      91  14.66
       1      92  14.64
       1      93  14.69
       1      94  14.79
       1      95  14.91
       1      96  14.99
       1      97  15.15
       1      98  15.31
       1      99  15.37
       1     100  15.35
       1     101  15.33
       1     102  15.30
       1     103  15.30
       1     104  15.29
       1     105  15.25
       1     106  15.24
       1     107  15.24
       1     108  15.32
       1     109  15.39
       1     110  15.46
       1     111  15.52
       1     112  15.56
       1     113  15.57
       1     114  15.61
       1     115  15.69
       1     116  15.75
       1     117  15.83
       1     118  15.87
       1     119  15.92
       1     120  15.96
       1     121  16.01
       1     122  16.03
       1     123  16.10
       1     124  16.19
       1     125  16.26
       1     126  16.32
       1     127  16.41
       1     128  16.50
       1     129  16.59
       1     130  16.62
       1     131  16.66
       1     132  16.70
       1     133  16.75
       1     134  16.78
       1     135  16.79
       1     136  16.79
       1     137  16.83
       1     138  16.85
       1     139  16.89
       1     140  16.95
       1     141  17.02
       1     142  17.06
       1     143  17.06
       1     144  17.11
       1     145  17.21
       1     146  17.28
       1     147  17.35
       1     148  17.41
       1     149  17.49
       1     150  17.54
       1     151  17.47
       1     152  17.51
       1     153  17.57
       1     154  17.60
       1     155  17.61
       1     156  17.61
       1     157  17.66
       1     158  17.74
       1     159  17.81
       1     160  17.86
       1     161  17.91
       1     162  17.93
       1     163  17.90
       1     164  17.89
       1     165  17.90
       1     166  17.93
       1     167  17.92
       1     168  17.91
       1     169  17.90
       1     170  17.91
       1     171  17.92
       1     172  17.95
       1     173  18.00
       1     174  18.03
       1     175  18.02
       1     176  17.99
       1     177  18.00
       1     178  18.04
       1     179  18.07
       1     180  18.08
       1     181  17.90
       1     182  17.87
       1     183  17.87
       1     184  17.89
       1     185  17.88
       1     186  17.86
       1     187  17.83
       1     188  17.85
       1     189  17.86
       1     190  17.83
       1     191  17.80
       1     192  17.80
       1     193  17.81
       1     194  17.80
       1     195  17.75
       1     196  17.73
       1     197  17.75
       1     198  17.79
       1     199  17.85
       1     200  17.91
       1     201  17.97
       1     202  18.02
       1     203  18.05
       1     204  18.07
       1     205  18.10
       1     206  18.11
       1     207  18.10
       1     208  18.12
       1     209  18.12
       1     210  18.12
       1     211  18.10
       1     212  18.07
       1     213  18.03
       1     214  18.01
       1     215  18.00
       1     216  17.99
       1     217  17.97
       1     218  17.97
       1     219  18.00
       1     220  18.05
       1     221  18.11
       1     222  18.14
       1     223  18.15
       1     224  18.13
       1     225  18.14
       1     226  18.12
       1     227  18.13
       1     228  18.15
       1     229  18.15
       1     230  18.13
       1     231  18.13
       1     232  18.13
       1     233  18.09
       1     234  18.02
       1     235  17.91
       1     236  17.84
       1     237  17.83
       1     238  17.78
       1     239  17.72
       1     240  17.64
       1     241  17.72
       1     242  17.68
       1     243  17.63
       1     244  17.60
       1     245  17.57
       1     246  17.50
       1     247  17.44
       1     248  17.41
       1     249  17.37
       1     250  17.33
       1     251  17.29
       1     252  17.24
       1     253  17.16
       1     254  17.08
       1     255  17.01
       1     256  16.94
       1     257  16.88
       1     258  16.77
       1     259  16.63
       1     260  16.49
       1     261  16.41
       1     262  16.40
       1     263  16.37
       1     264  16.37
       1     265  16.34
       1     266  16.34
       1     267  16.31
       1     268  16.26
       1     269  16.24
       1     270  16.19
       1     271  16.20
       1     272  16.08
       1     273  15.94
       1     274  15.81
       1     275  15.72
       1     276  15.64
       1     277  15.54
       1     278  15.42
       1     279  15.34
       1     280  15.29
       1     281  15.25
       1     282  15.21
       1     283  15.17
       1     284  15.13
       1     285  15.10
       1     286  15.09
       1     287  15.08
       1     288  15.03
       1     289  14.96
       1     290  14.89
       1     291  14.82
       1     292  14.74
       1     293  14.67
       1     294  14.62
       1     295  14.55
       1     296  14.49
       1     297  14.44
       1     298  14.38
       1     299  14.31
       1     300  14.24
       1     301  14.22
       1     302  14.19
       1     303  14.19
       1     304  14.23
       1     305  14.24
       1     306  14.22
       1     307  14.22
       1     308  14.28
       1     309  14.33
       1     310  14.37
       1     311  14.38
       1     312  14.39
       1     313  14.40
       1     314  14.32
       1     315  14.28
       1     316  14.24
       1     317  14.20
       1     318  14.16
       1     319  14.17
       1     320  14.12
       1     321  14.04
       1     322  14.05
       1     323  14.05
       1     324  14.02
       1     325  14.02
       1     326  14.04
       1     327  13.99
       1     328  13.92
       1     329  13.94
       1     330  13.98
       1     331  13.97
       1     332  13.90
       1     333  13.87
       1     334  13.86
       1     335  13.78
       1     336  13.70
       1     337  13.62
       1     338  13.58
       1     339  13.55
       1     340  13.52
       1     341  13.54
       1     342  13.56
       1     343  13.53
       1     344  13.52
       1     345  13.62
       1     346  13.71
       1     347  13.69
       1     348  13.58
       1     349  13.53
       1     350  13.51
       1     351  13.50
       1     352  13.48
       1     353  13.42
       1     354  13.46
       1     355  13.51
       1     356  13.61
       1     357  13.69
       1     358  13.74
       1     359  13.75
       1     360  13.75
       2       1  13.69
       2       2  13.65
       2       3  13.64
       2       4  13.55
       2       5  13.51
       2       6  13.56
       2       7  13.60
       2       8  13.54
       2       9  13.54
       2      10  13.58
       2      11  13.55
       2      12  13.67
       2      13  13.65
       2      14  13.61
       2      15  13.69
       2      16  13.85
       2      17  13.89
       2      18  13.83
       2      19  13.76
       2      20  13.68
       2      21  13.61
       2      22  13.47
       2      23  13.48
       2      24  13.41
       2      25  13.45
       2      26  13.47
       2      27  13.44
       2      28  13.52
       2      29  13.56
       2      30  13.62
       2      31  13.68
       2      32  13.73
       2      33  13.82
       2      34  13.82
       2      35  13.84
       2      36  13.87
       2      37  13.86
       2      38  13.84
       2      39  13.86
       2      40  13.97
       2      41  14.04
       2      42  14.02
       2      43  14.07
       2      44  14.10
       2      45  14.10
       2      46  14.09
       2      47  14.14
       2      48  14.14
       2      49  14.12
       2      50  14.17
       2      51  14.15
       2      52  14.07
       2      53  13.99
       2      54  13.95
       2      55  13.93
       2      56  13.89
       2      57  13.89
       2      58  13.90
       2      59  13.95
       2      60  14.05
       2      61  14.10
       2      62  14.12
       2      63  14.08
       2      64  14.07
       2      65  14.08
       2      66  14.02
       2      67  14.05
       2      68  14.06
       2      69  14.07
       2      70  14.09
       2      71  14.12
       2      72  14.10
       2      73  14.13
       2      74  14.20
       2      75  14.28
       2      76  14.33
       2      77  14.29
       2      78  14.31
       2      79  14.39
       2      80  14.47
       2      81  14.50
       2      82  14.48
       2      83  14.50
       2      84  14.55
       2      85  14.60
       2      86  14.61
       2      87  14.64
       2      88  14.70
       2      89  14.74
       2      90  14.73
       2      91  14.77
       2      92  14.82
       2      93  14.85
       2      94  14.86
       2      95  14.86
       2      96  14.88
       2      97  14.94
       2      98  14.93
       2      99  14.96
       2     100  14.99
       2     101  15.05
       2     102  15.15
       2     103  15.23
       2     104  15.28
       2     105  15.34
       2     106  15.41
       2     107  15.49
       2     108  15.53
       2     109  15.54
       2     110  15.56
       2     111  15.55
       2     112  15.57
       2     113  15.64
       2     114  15.71
       2     115  15.77
       2     116  15.82
       2     117  15.90
       2     118  15.99
       2     119  16.02
       2     120  16.08
       2     121  16.12
       2     122  16.12
       2     123  16.10
       2     124  16.14
       2     125  16.14
       2     126  16.15
       2     127  16.21
       2     128  16.31
       2     129  16.41
       2     130  16.51
       2     131  16.63
       2     132  16.71
       2     133  16.77
       2     134  16.79
       2     135  16.88
       2     136  16.98
       2     137  17.05
       2     138  17.10
       2     139  17.13
       2     140  17.15
       2     141  17.17
       2     142  17.20
       2     143  17.23
       2     144  17.26
       2     145  17.29
       2     146  17.31
       2     147  17.33
       2     148  17.38
       2     149  17.39
       2     150  17.43
       2     151  17.43
       2     152  17.50
       2     153  17.60
       2     154  17.61
       2     155  17.63
       2     156  17.68
       2     157  17.77
       2     158  17.84
       2     159  17.88
       2     160  17.86
       2     161  17.80
       2     162  17.77
       2     163  17.77
       2     164  17.79
       2     165  17.83
       2     166  17.89
       2     167  17.94
       2     168  17.93
       2     169  17.95
       2     170  17.96
       2     171  17.94
       2     172  17.91
       2     173  17.89
       2     174  17.88
       2     175  17.87
       2     176  17.84
       2     177  17.85
       2     178  17.95
       2     179  18.04
       2     180  18.09
       2     181  17.94
       2     182  17.94
       2     183  17.96
       2     184  17.98
       2     185  18.02
       2     186  18.09
       2     187  18.18
       2     188  18.26
       2     189  18.34
       2     190  18.35
       2     191  18.33
       2     192  18.26
       2     193  18.19
       2     194  18.18
       2     195  18.17
       2     196  18.12
       2     197  18.08
       2     198  18.09
       2     199  18.11
       2     200  18.08
       2     201  18.07
       2     202  18.06
       2     203  18.09
       2     204  18.11
       2     205  18.07
       2     206  18.02
       2     207  17.99
       2     208  17.98
       2     209  17.96
       2     210  17.96
       2     211  17.95
       2     212  17.95
       2     213  17.98
       2     214  17.96
       2     215  17.95
       2     216  18.00
       2     217  17.99
       2     218  17.99
       2     219  17.98
       2     220  17.95
       2     221  17.92
       2     222  17.92
       2     223  17.90
       2     224  17.86
       2     225  17.80
       2     226  17.82
       2     227  17.88
       2     228  17.91
       2     229  17.89
       2     230  17.86
       2     231  17.82
       2     232  17.76
       2     233  17.75
       2     234  17.74
       2     235  17.74
       2     236  17.75
       2     237  17.76
       2     238  17.71
       2     239  17.64
       2     240  17.59
       2     241  17.75
       2     242  17.70
       2     243  17.63
       2     244  17.60
       2     245  17.59
       2     246  17.54
       2     247  17.44
       2     248  17.36
       2     249  17.30
       2     250  17.20
       2     251  17.12
       2     252  17.07
       2     253  17.04
       2     254  17.03
       2     255  17.01
       2     256  17.01
       2     257  16.96
       2     258  16.89
       2     259  16.82
       2     260  16.74
       2     261  16.66
       2     262  16.58
       2     263  16.48
       2     264  16.39
       2     265  16.31
       2     266  16.24
       2     267  16.16
       2     268  16.07
       2     269  16.02
       2     270  16.01
       2     271  16.08
       2     272  16.00
       2     273  15.93
       2     274  15.88
       2     275  15.83
       2     276  15.79
       2     277  15.77
       2     278  15.77
       2     279  15.78
       2     280  15.78
       2     281  15.77
       2     282  15.69
       2     283  15.60
       2     284  15.50
       2     285  15.42
       2     286  15.40
       2     287  15.39
       2     288  15.36
       2     289  15.32
       2     290  15.26
       2     291  15.18
       2     292  15.08
       2     293  15.01
       2     294  14.92
       2     295  14.84
       2     296  14.74
       2     297  14.62
       2     298  14.54
       2     299  14.50
       2     300  14.46
       2     301  14.45
       2     302  14.38
       2     303  14.32
       2     304  14.33
       2     305  14.36
       2     306  14.36
       2     307  14.30
       2     308  14.25
       2     309  14.19
       2     310  14.16
       2     311  14.13
       2     312  14.12
       2     313  14.09
       2     314  14.02
       2     315  14.07
       2     316  14.21
       2     317  14.19
       2     318  14.10
       2     319  14.08
       2     320  14.11
       2     321  14.13
       2     322  14.12
       2     323  14.11
       2     324  14.07
       2     325  13.95
       2     326  13.86
       2     327  13.83
       2     328  13.80
       2     329  13.78
       2     330  13.76
       2     331  13.63
       2     332  13.57
       2     333  13.52
       2     334  13.50
       2     335  13.49
       2     336  13.49
       2     337  13.48
       2     338  13.53
       2     339  13.66
       2     340  13.67
       2     341  13.71
       2     342  13.70
       2     343  13.57
       2     344  13.50
       2     345  13.52
       2     346  13.48
       2     347  13.54
       2     348  13.58
       2     349  13.66
       2     350  13.70
       2     351  13.78
       2     352  13.72
       2     353  13.73
       2     354  13.68
       2     355  13.59
       2     356  13.57
       2     357  13.60
       2     358  13.63
       2     359  13.69
       2     360  13.69
       3       1  13.66
       3       2  13.66
       3       3  13.66
       3       4  13.66
       3       5  13.62
       3       6  13.64
       3       7  13.74
       3       8  13.69
       3       9  13.71
       3      10  13.78
       3      11  13.82
       3      12  13.79
       3      13  13.79
       3      14  13.74
       3      15  13.60
       3      16  13.52
       3      17  13.55
       3      18  13.61
       3      19  13.64
       3      20  13.70
       3      21  13.71
       3      22  13.72
       3      23  13.78
       3      24  13.80
       3      25  13.84
       3      26  13.85
       3      27  13.85
       3      28  13.82
       3      29  13.82
       3      30  13.90
       3      31  13.96
       3      32  14.06
       3      33  14.12
       3      34  14.07
       3      35  14.09
       3      36  14.08
       3      37  14.01
       3      38  13.92
       3      39  13.85
       3      40  13.83
       3      41  13.79
       3      42  13.75
       3      43  13.82
       3      44  13.89
       3      45  13.92
       3      46  13.89
       3      47  13.86
       3      48  13.90
       3      49  13.95
       3      50  14.03
       3      51  14.03
       3      52  14.11
       3      53  14.17
       3      54  14.28
       3      55  14.31
       3      56  14.31
       3      57  14.35
       3      58  14.40
       3      59  14.43
       3      60  14.42
       3      61  14.33
       3      62  14.27
       3      63  14.20
       3      64  14.14
       3      65  14.08
       3      66  14.12
       3      67  14.21
       3      68  14.20
       3      69  14.17
       3      70  14.24
       3      71  14.35
       3      72  14.41
       3      73  14.48
       3      74  14.54
       3      75  14.56
       3      76  14.59
       3      77  14.63
       3      78  14.63
       3      79  14.68
       3      80  14.73
       3      81  14.75
       3      82  14.73
       3      83  14.75
       3      84  14.77
       3      85  14.80
       3      86  14.80
       3      87  14.86
       3      88  14.89
       3      89  14.89
       3      90  14.90
       3      91  14.92
       3      92  14.95
       3      93  14.99
       3      94  15.05
       3      95  15.13
       3      96  15.29
       3      97  15.42
       3      98  15.48
       3      99  15.49
       3     100  15.47
       3     101  15.43
       3     102  15.42
       3     103  15.44
       3     104  15.47
       3     105  15.50
       3     106  15.54
       3     107  15.55
       3     108  15.53
       3     109  15.51
       3     110  15.52
       3     111  15.52
       3     112  15.51
       3     113  15.53
       3     114  15.65
       3     115  15.77
       3     116  15.90
       3     117  16.02
       3     118  16.06
       3     119  16.09
       3     120  16.10
       3     121  16.10
       3     122  16.14
       3     123  16.15
       3     124  16.16
       3     125  16.21
       3     126  16.29
       3     127  16.38
       3     128  16.42
       3     129  16.46
       3     130  16.51
       3     131  16.59
       3     132  16.66
       3     133  16.67
       3     134  16.67
       3     135  16.67
       3     136  16.69
       3     137  16.72
       3     138  16.73
       3     139  16.70
       3     140  16.74
       3     141  16.84
       3     142  16.94
       3     143  17.02
       3     144  17.08
       3     145  17.09
       3     146  17.07
       3     147  17.07
       3     148  17.12
       3     149  17.18
       3     150  17.27
       3     151  17.26
       3     152  17.31
       3     153  17.35
       3     154  17.40
       3     155  17.46
       3     156  17.53
       3     157  17.57
       3     158  17.61
       3     159  17.69
       3     160  17.74
       3     161  17.75
       3     162  17.75
       3     163  17.79
       3     164  17.82
       3     165  17.82
       3     166  17.83
       3     167  17.89
       3     168  17.93
       3     169  17.92
       3     170  17.90
       3     171  17.89
       3     172  17.91
       3     173  17.97
       3     174  18.02
       3     175  18.06
       3     176  18.10
       3     177  18.13
       3     178  18.19
       3     179  18.28
       3     180  18.32
       3     181  18.12
       3     182  18.06
       3     183  17.99
       3     184  17.92
       3     185  17.92
       3     186  17.94
       3     187  17.95
       3     188  17.95
       3     189  17.99
       3     190  18.07
       3     191  18.10
       3     192  18.14
       3     193  18.19
       3     194  18.24
       3     195  18.29
       3     196  18.26
       3     197  18.18
       3     198  18.11
       3     199  18.09
       3     200  18.11
       3     201  18.11
       3     202  18.11
       3     203  18.09
       3     204  18.08
       3     205  18.10
       3     206  18.13
       3     207  18.16
       3     208  18.22
       3     209  18.29
       3     210  18.33
       3     211  18.30
       3     212  18.34
       3     213  18.37
       3     214  18.41
       3     215  18.43
       3     216  18.41
       3     217  18.38
       3     218  18.34
       3     219  18.23
       3     220  18.17
       3     221  18.12
       3     222  18.08
       3     223  18.03
       3     224  17.97
       3     225  17.92
       3     226  17.91
       3     227  17.91
       3     228  17.87
       3     229  17.82
       3     230  17.78
       3     231  17.74
       3     232  17.73
       3     233  17.74
       3     234  17.74
       3     235  17.79
       3     236  17.78
       3     237  17.73
       3     238  17.67
       3     239  17.63
       3     240  17.59
       3     241  17.77
       3     242  17.70
       3     243  17.65
       3     244  17.63
       3     245  17.61
       3     246  17.56
       3     247  17.51
       3     248  17.47
       3     249  17.39
       3     250  17.26
       3     251  17.20
       3     252  17.16
       3     253  17.08
       3     254  16.99
       3     255  16.92
       3     256  16.88
       3     257  16.84
       3     258  16.79
       3     259  16.71
       3     260  16.61
       3     261  16.49
       3     262  16.40
       3     263  16.35
       3     264  16.32
       3     265  16.30
       3     266  16.29
       3     267  16.27
       3     268  16.18
       3     269  16.06
       3     270  15.96
       3     271  15.94
       3     272  15.89
       3     273  15.84
       3     274  15.78
       3     275  15.76
       3     276  15.80
       3     277  15.81
       3     278  15.76
       3     279  15.69
       3     280  15.64
       3     281  15.59
       3     282  15.51
       3     283  15.40
       3     284  15.28
       3     285  15.17
       3     286  15.15
       3     287  15.19
       3     288  15.26
       3     289  15.30
       3     290  15.33
       3     291  15.28
       3     292  15.19
       3     293  15.09
       3     294  15.03
       3     295  14.98
       3     296  14.95
       3     297  14.88
       3     298  14.75
       3     299  14.61
       3     300  14.52
       3     301  14.45
       3     302  14.36
       3     303  14.27
       3     304  14.24
       3     305  14.25
       3     306  14.22
       3     307  14.20
       3     308  14.18
       3     309  14.17
       3     310  14.14
       3     311  14.14
       3     312  14.10
       3     313  14.07
       3     314  14.03
       3     315  13.98
       3     316  14.00
       3     317  14.02
       3     318  14.05
       3     319  13.99
       3     320  13.90
       3     321  13.81
       3     322  13.72
       3     323  13.75
       3     324  13.82
       3     325  13.85
       3     326  13.76
       3     327  13.73
       3     328  13.79
       3     329  13.76
       3     330  13.75
       3     331  13.72
       3     332  13.67
       3     333  13.63
       3     334  13.54
       3     335  13.47
       3     336  13.49
       3     337  13.50
       3     338  13.49
       3     339  13.50
       3     340  13.50
       3     341  13.49
       3     342  13.43
       3     343  13.37
       3     344  13.37
       3     345  13.45
       3     346  13.52
       3     347  13.52
       3     348  13.55
       3     349  13.58
       3     350  13.50
       3     351  13.44
       3     352  13.47
       3     353  13.54
       3     354  13.65
       3     355  13.58
       3     356  13.52
       3     357  13.57
       3     358  13.59
       3     359  13.63
       3     360  13.67
       4       1  13.65
       4       2  13.68
       4       3  13.66
       4       4  13.62
       4       5  13.64
       4       6  13.72
       4       7  13.70
       4       8  13.77
       4       9  13.81
       4      10  13.79
       4      11  13.82
       4      12  13.86
       4      13  13.82
       4      14  13.80
       4      15  13.76
       4      16  13.77
       4      17  13.70
       4      18  13.64
       4      19  13.55
       4      20  13.53
       4      21  13.60
       4      22  13.68
       4      23  13.60
       4      24  13.60
       4      25  13.66
       4      26  13.76
       4      27  13.83
       4      28  13.87
       4      29  13.93
       4      30  13.90
       4      31  13.90
       4      32  13.91
       4      33  13.92
       4      34  13.98
       4      35  14.04
       4      36  14.09
       4      37  14.01
       4      38  13.93
       4      39  13.93
       4      40  13.90
       4      41  13.85
       4      42  13.86
       4      43  13.88
       4      44  13.87
       4      45  13.89
       4      46  13.88
       4      47  13.86
       4      48  13.95
       4      49  14.04
       4      50  14.05
       4      51  14.03
       4      52  14.07
       4      53  14.13
       4      54  14.24
       4      55  14.28
       4      56  14.27
       4      57  14.28
       4      58  14.34
       4      59  14.36
       4      60  14.41
       4      61  14.36
       4      62  14.32
       4      63  14.32
       4      64  14.33
       4      65  14.31
       4      66  14.31
       4      67  14.28
       4      68  14.25
       4      69  14.20
       4      70  14.19
       4      71  14.13
       4      72  14.09
       4      73  14.06
       4      74  14.07
       4      75  14.11
       4      76  14.17
       4      77  14.19
       4      78  14.20
       4      79  14.24
       4      80  14.30
       4      81  14.42
       4      82  14.52
       4      83  14.60
       4      84  14.64
       4      85  14.73
       4      86  14.82
       4      87  14.85
       4      88  14.81
       4      89  14.82
       4      90  14.85
       4      91  14.90
       4      92  14.94
       4      93  15.00
       4      94  15.03
       4      95  15.04
       4      96  15.03
       4      97  15.03
       4      98  15.04
       4      99  15.08
       4     100  15.20
       4     101  15.30
       4     102  15.35
       4     103  15.33
       4     104  15.32
       4     105  15.32
       4     106  15.37
       4     107  15.39
       4     108  15.38
       4     109  15.34
       4     110  15.34
       4     111  15.36
       4     112  15.45
       4     113  15.52
       4     114  15.59
       4     115  15.66
       4     116  15.72
       4     117  15.75
       4     118  15.81
       4     119  15.85
       4     120  15.91
       4     121  15.95
       4     122  16.01
       4     123  16.10
       4     124  16.21
       4     125  16.29
       4     126  16.35
       4     127  16.44
       4     128  16.55
       4     129  16.60
       4     130  16.63
       4     131  16.68
       4     132  16.70
       4     133  16.73
       4     134  16.77
       4     135  16.77
       4     136  16.76
       4     137  16.76
       4     138  16.82
       4     139  16.90
       4     140  16.96
       4     141  16.98
       4     142  17.04
       4     143  17.11
       4     144  17.16
       4     145  17.19
       4     146  17.26
       4     147  17.32
       4     148  17.35
       4     149  17.40
       4     150  17.49
       4     151  17.48
       4     152  17.49
       4     153  17.52
       4     154  17.56
       4     155  17.65
       4     156  17.73
       4     157  17.73
       4     158  17.68
       4     159  17.63
       4     160  17.63
       4     161  17.66
       4     162  17.68
       4     163  17.78
       4     164  17.89
       4     165  17.95
       4     166  18.01
       4     167  18.05
       4     168  18.08
       4     169  18.07
       4     170  18.06
       4     171  18.02
       4     172  17.99
       4     173  18.00
       4     174  18.02
       4     175  18.03
       4     176  18.05
       4     177  18.07
       4     178  18.12
       4     179  18.19
       4     180  18.27
       4     181  18.13
       4     182  18.12
       4     183  18.08
       4     184  18.04
       4     185  18.05
       4     186  18.11
       4     187  18.22
       4     188  18.31
       4     189  18.32
       4     190  18.22
       4     191  18.14
       4     192  18.06
       4     193  18.01
       4     194  17.99
       4     195  17.98
       4     196  18.00
       4     197  18.08
       4     198  18.18
       4     199  18.19
       4     200  18.19
       4     201  18.17
       4     202  18.15
       4     203  18.12
       4     204  18.06
       4     205  18.01
       4     206  18.00
       4     207  18.03
       4     208  18.05
       4     209  18.06
       4     210  18.05
       4     211  17.99
       4     212  17.97
       4     213  17.97
       4     214  17.96
       4     215  17.94
       4     216  17.95
       4     217  17.97
       4     218  17.97
       4     219  17.96
       4     220  18.01
       4     221  18.04
       4     222  18.05
       4     223  18.01
       4     224  17.94
       4     225  17.89
       4     226  17.89
       4     227  17.89
       4     228  17.87
       4     229  17.87
       4     230  17.84
       4     231  17.85
       4     232  17.86
       4     233  17.82
       4     234  17.75
       4     235  17.71
       4     236  17.64
       4     237  17.57
       4     238  17.52
       4     239  17.52
       4     240  17.48
       4     241  17.66
       4     242  17.64
       4     243  17.59
       4     244  17.55
       4     245  17.53
       4     246  17.47
       4     247  17.37
       4     248  17.32
       4     249  17.29
       4     250  17.26
       4     251  17.23
       4     252  17.16
       4     253  17.09
       4     254  17.01
       4     255  16.93
       4     256  16.87
       4     257  16.80
       4     258  16.72
       4     259  16.65
       4     260  16.57
       4     261  16.49
       4     262  16.44
       4     263  16.42
       4     264  16.43
       4     265  16.46
       4     266  16.46
       4     267  16.41
       4     268  16.36
       4     269  16.30
       4     270  16.21
       4     271  16.19
       4     272  16.14
       4     273  16.09
       4     274  16.05
       4     275  16.02
       4     276  15.97
       4     277  15.87
       4     278  15.75
       4     279  15.66
       4     280  15.59
       4     281  15.51
       4     282  15.44
       4     283  15.37
       4     284  15.32
       4     285  15.29
       4     286  15.27
       4     287  15.22
       4     288  15.16
       4     289  15.13
       4     290  15.11
       4     291  15.07
       4     292  15.01
       4     293  14.97
       4     294  14.93
       4     295  14.86
       4     296  14.78
       4     297  14.72
       4     298  14.64
       4     299  14.52
       4     300  14.42
       4     301  14.42
       4     302  14.38
       4     303  14.38
       4     304  14.40
       4     305  14.41
       4     306  14.40
       4     307  14.37
       4     308  14.34
       4     309  14.37
       4     310  14.36
       4     311  14.34
       4     312  14.34
       4     313  14.42
       4     314  14.46
       4     315  14.47
       4     316  14.47
       4     317  14.39
       4     318  14.33
       4     319  14.24
       4     320  14.14
       4     321  14.10
       4     322  14.10
       4     323  14.11
       4     324  14.12
       4     325  14.13
       4     326  14.09
       4     327  14.11
       4     328  14.08
       4     329  14.04
       4     330  13.92
       4     331  13.81
       4     332  13.71
       4     333  13.61
       4     334  13.49
       4     335  13.44
       4     336  13.47
       4     337  13.50
       4     338  13.51
       4     339  13.42
       4     340  13.36
       4     341  13.34
       4     342  13.33
       4     343  13.40
       4     344  13.46
       4     345  13.47
       4     346  13.53
       4     347  13.53
       4     348  13.47
       4     349  13.42
       4     350  13.36
       4     351  13.31
       4     352  13.34
       4     353  13.40
       4     354  13.37
       4     355  13.35
       4     356  13.32
       4     357  13.32
       4     358  13.32
       4     359  13.31
       4     360  13.32
       5       1  13.38
       5       2  13.45
       5       3  13.47
       5       4  13.49
       5       5  13.44
       5       6  13.41
       5       7  13.48
       5       8  13.48
       5       9  13.39
       5      10  13.31
       5      11  13.30
       5      12  13.29
       5      13  13.34
       5      14  13.40
       5      15  13.48
       5      16  13.56
       5      17  13.62
       5      18  13.69
       5      19  13.74
       5      20  13.75
       5      21  13.78
       5      22  13.78
       5      23  13.86
       5      24  13.84
       5      25  13.78
       5      26  13.78
       5      27  13.75
       5      28  13.72
       5      29  13.69
       5      30  13.67
       5      31  13.73
       5      32  13.80
       5      33  13.85
       5      34  13.92
       5      35  13.98
       5      36  14.02
       5      37  14.01
       5      38  14.01
       5      39  14.00
       5      40  13.98
       5      41  13.95
       5      42  13.90
       5      43  13.88
       5      44  13.93
       5      45  13.95
       5      46  13.97
       5      47  14.06
       5      48  14.12
       5      49  14.11
       5      50  14.07
       5      51  14.10
       5      52  14.10
       5      53  14.04
       5      54  14.06
       5      55  14.10
       5      56  14.11
       5      57  14.14
       5      58  14.26
       5      59  14.28
       5      60  14.32
       5      61  14.31
       5      62  14.34
       5      63  14.29
       5      64  14.25
       5      65  14.26
       5      66  14.18
       5      67  14.16
       5      68  14.19
       5      69  14.21
       5      70  14.22
       5      71  14.25
       5      72  14.27
       5      73  14.30
       5      74  14.31
       5      75  14.35
       5      76  14.38
       5      77  14.41
       5      78  14.44
       5      79  14.46
       5      80  14.46
       5      81  14.46
       5      82  14.48
       5      83  14.52
       5      84  14.58
       5      85  14.64
       5      86  14.65
       5      87  14.70
       5      88  14.79
       5      89  14.85
       5      90  14.86
       5      91  14.84
       5      92  14.86
       5      93  14.87
       5      94  14.89
       5      95  14.91
       5      96  14.94
       5      97  14.99
       5      98  14.99
       5      99  14.97
       5     100  14.98
       5     101  15.02
       5     102  15.08
       5     103  15.14
       5     104  15.17
       5     105  15.21
       5     106  15.25
       5     107  15.29
       5     108  15.30
       5     109  15.32
       5     110  15.37
       5     111  15.43
       5     112  15.48
       5     113  15.58
       5     114  15.63
       5     115  15.65
       5     116  15.72
       5     117  15.81
       5     118  15.88
       5     119  15.91
       5     120  15.94
       5     121  16.02
       5     122  16.13
       5     123  16.26
       5     124  16.36
       5     125  16.47
       5     126  16.54
       5     127  16.55
       5     128  16.56
       5     129  16.59
       5     130  16.63
       5     131  16.66
       5     132  16.71
       5     133  16.78
       5     134  16.82
       5     135  16.83
       5     136  16.85
       5     137  16.89
       5     138  16.92
       5     139  16.92
       5     140  16.94
       5     141  16.97
       5     142  17.03
       5     143  17.10
       5     144  17.19
       5     145  17.23
       5     146  17.28
       5     147  17.35
       5     148  17.43
       5     149  17.45
       5     150  17.47
       5     151  17.44
       5     152  17.51
       5     153  17.60
       5     154  17.71
       5     155  17.83
       5     156  17.91
       5     157  17.92
       5     158  17.86
       5     159  17.84
       5     160  17.79
       5     161  17.74
       5     162  17.76
       5     163  17.79
       5     164  17.82
       5     165  17.84
       5     166  17.86
       5     167  17.88
       5     168  17.89
       5     169  17.93
       5     170  17.94
       5     171  17.92
       5     172  17.91
       5     173  17.96
       5     174  17.98
       5     175  17.98
       5     176  17.96
       5     177  17.99
       5     178  18.05
       5     179  18.09
       5     180  18.09
       5     181  17.99
       5     182  17.99
       5     183  17.95
       5     184  17.94
       5     185  17.93
       5     186  17.95
       5     187  17.99
       5     188  18.06
       5     189  18.12
       5     190  18.17
       5     191  18.24
       5     192  18.30
       5     193  18.29
       5     194  18.30
       5     195  18.31
       5     196  18.27
       5     197  18.20
       5     198  18.17
       5     199  18.14
       5     200  18.13
       5     201  18.11
       5     202  18.12
       5     203  18.17
       5     204  18.19
       5     205  18.23
       5     206  18.27
       5     207  18.31
       5     208  18.30
       5     209  18.25
       5     210  18.17
       5     211  18.08
       5     212  18.03
       5     213  18.02
       5     214  18.00
       5     215  17.98
       5     216  17.97
       5     217  17.92
       5     218  17.85
       5     219  17.79
       5     220  17.76
       5     221  17.81
       5     222  17.83
       5     223  17.86
       5     224  17.91
       5     225  17.96
       5     226  17.99
       5     227  17.97
       5     228  17.93
       5     229  17.89
       5     230  17.84
       5     231  17.75
       5     232  17.71
       5     233  17.72
       5     234  17.66
       5     235  17.63
       5     236  17.68
       5     237  17.70
       5     238  17.66
       5     239  17.62
       5     240  17.57
       5     241  17.70
       5     242  17.72
       5     243  17.74
       5     244  17.73
       5     245  17.72
       5     246  17.67
       5     247  17.61
       5     248  17.53
       5     249  17.43
       5     250  17.34
       5     251  17.25
       5     252  17.18
       5     253  17.11
       5     254  17.06
       5     255  17.04
       5     256  17.03
       5     257  17.02
       5     258  16.96
       5     259  16.85
       5     260  16.75
       5     261  16.69
       5     262  16.63
       5     263  16.57
       5     264  16.51
       5     265  16.44
       5     266  16.36
       5     267  16.28
       5     268  16.24
       5     269  16.17
       5     270  16.06
       5     271  16.09
       5     272  16.03
       5     273  15.94
       5     274  15.86
       5     275  15.79
       5     276  15.72
       5     277  15.63
       5     278  15.57
       5     279  15.56
       5     280  15.56
       5     281  15.56
       5     282  15.53
       5     283  15.44
       5     284  15.36
       5     285  15.28
       5     286  15.20
       5     287  15.12
       5     288  15.13
       5     289  15.09
       5     290  15.00
       5     291  14.93
       5     292  14.89
       5     293  14.88
       5     294  14.84
       5     295  14.77
       5     296  14.71
       5     297  14.66
       5     298  14.62
       5     299  14.58
       5     300  14.54
       5     301  14.49
       5     302  14.42
       5     303  14.39
       5     304  14.37
       5     305  14.34
       5     306  14.28
       5     307  14.21
       5     308  14.18
       5     309  14.16
       5     310  14.14
       5     311  14.16
       5     312  14.19
       5     313  14.16
       5     314  14.09
       5     315  14.06
       5     316  14.05
       5     317  14.05
       5     318  14.06
       5     319  14.10
       5     320  14.14
       5     321  14.13
       5     322  14.08
       5     323  14.07
       5     324  14.08
       5     325  14.04
       5     326  13.98
       5     327  13.91
       5     328  13.85
       5     329  13.79
       5     330  13.76
       5     331  13.70
       5     332  13.62
       5     333  13.52
       5     334  13.48
       5     335  13.45
       5     336  13.43
       5     337  13.55
       5     338  13.60
       5     339  13.63
       5     340  13.64
       5     341  13.60
       5     342  13.65
       5     343  13.69
       5     344  13.72
       5     345  13.74
       5     346  13.67
       5     347  13.60
       5     348  13.54
       5     349  13.52
       5     350  13.48
       5     351  13.46
       5     352  13.41
       5     353  13.40
       5     354  13.51
       5     355  13.57
       5     356  13.58
       5     357  13.58
       5     358  13.56
       5     359  13.56
       5     360  13.53
       6       1  13.50
       6       2  13.50
       6       3  13.49
       6       4  13.51
       6       5  13.48
       6       6  13.38
       6       7  13.38
       6       8  13.39
       6       9  13.38
       6      10  13.42
       6      11  13.38
       6      12  13.47
       6      13  13.69
       6      14  13.78
       6      15  13.72
       6      16  13.73
       6      17  13.76
       6      18  13.81
       6      19  13.84
       6      20  13.75
       6      21  13.68
       6      22  13.64
       6      23  13.60
       6      24  13.60
       6      25  13.53
       6      26  13.47
       6      27  13.45
       6      28  13.44
       6      29  13.42
       6      30  13.43
       6      31  13.52
       6      32  13.70
       6      33  13.68
       6      34  13.66
       6      35  13.71
       6      36  13.76
       6      37  13.81
       6      38  13.77
       6      39  13.77
       6      40  13.69
       6      41  13.75
       6      42  13.89
       6      43  13.93
       6      44  13.97
       6      45  13.98
       6      46  13.92
       6      47  13.94
       6      48  14.01
       6      49  14.02
       6      50  14.00
       6      51  14.03
       6      52  14.01
       6      53  13.96
       6      54  13.91
       6      55  13.89
       6      56  13.90
       6      57  13.92
       6      58  13.97
       6      59  14.06
       6      60  14.17
       6      61  14.23
       6      62  14.23
       6      63  14.25
       6      64  14.28
       6      65  14.26
       6      66  14.25
       6      67  14.19
       6      68  14.18
       6      69  14.18
       6      70  14.18
       6      71  14.15
       6      72  14.14
       6      73  14.10
       6      74  14.10
       6      75  14.13
       6      76  14.16
       6      77  14.21
       6      78  14.20
       6      79  14.19
       6      80  14.25
       6      81  14.33
       6      82  14.35
       6      83  14.39
       6      84  14.43
       6      85  14.45
       6      86  14.46
       6      87  14.50
       6      88  14.55
       6      89  14.63
       6      90  14.74
       6      91  14.85
       6      92  14.89
       6      93  14.91
       6      94  14.89
       6      95  14.89
       6      96  14.88
       6      97  14.88
       6      98  14.89
       6      99  14.88
       6     100  14.88
       6     101  14.95
       6     102  15.02
       6     103  15.03
       6     104  15.01
       6     105  15.06
       6     106  15.13
       6     107  15.20
       6     108  15.25
       6     109  15.32
       6     110  15.44
       6     111  15.56
       6     112  15.64
       6     113  15.68
       6     114  15.70
       6     115  15.77
       6     116  15.83
       6     117  15.85
       6     118  15.81
       6     119  15.83
       6     120  15.86
       6     121  15.97
       6     122  16.01
       6     123  16.06
       6     124  16.09
       6     125  16.14
       6     126  16.18
       6     127  16.23
       6     128  16.25
       6     129  16.25
       6     130  16.33
       6     131  16.51
       6     132  16.63
       6     133  16.74
       6     134  16.84
       6     135  16.94
       6     136  16.99
       6     137  17.00
       6     138  17.02
       6     139  17.07
       6     140  17.12
       6     141  17.15
       6     142  17.20
       6     143  17.26
       6     144  17.34
       6     145  17.42
       6     146  17.46
       6     147  17.43
       6     148  17.43
       6     149  17.45
       6     150  17.47
       6     151  17.44
       6     152  17.51
       6     153  17.55
       6     154  17.55
       6     155  17.52
       6     156  17.50
       6     157  17.52
       6     158  17.55
       6     159  17.60
       6     160  17.70
       6     161  17.76
       6     162  17.78
       6     163  17.80
       6     164  17.83
       6     165  17.91
       6     166  17.96
       6     167  17.95
       6     168  17.91
       6     169  17.86
       6     170  17.83
       6     171  17.84
       6     172  17.91
       6     173  18.00
       6     174  18.08
       6     175  18.09
       6     176  18.07
       6     177  18.07
       6     178  18.07
       6     179  18.06
       6     180  18.11
       6     181  17.99
       6     182  18.01
       6     183  18.00
       6     184  18.01
       6     185  18.06
       6     186  18.13
       6     187  18.19
       6     188  18.21
       6     189  18.21
       6     190  18.22
       6     191  18.21
       6     192  18.16
       6     193  18.09
       6     194  18.05
       6     195  18.05
       6     196  18.06
       6     197  18.10
       6     198  18.16
       6     199  18.27
       6     200  18.33
       6     201  18.36
       6     202  18.35
       6     203  18.37
       6     204  18.35
       6     205  18.31
       6     206  18.33
       6     207  18.39
       6     208  18.43
       6     209  18.42
       6     210  18.41
       6     211  18.38
       6     212  18.35
       6     213  18.31
       6     214  18.22
       6     215  18.17
       6     216  18.14
       6     217  18.12
       6     218  18.10
       6     219  18.10
       6     220  18.11
       6     221  18.09
       6     222  18.07
       6     223  18.03
       6     224  17.97
       6     225  17.89
       6     226  17.85
       6     227  17.81
       6     228  17.74
       6     229  17.66
       6     230  17.58
       6     231  17.54
       6     232  17.54
       6     233  17.58
       6     234  17.66
       6     235  17.67
       6     236  17.65
       6     237  17.57
       6     238  17.50
       6     239  17.48
       6     240  17.47
       6     241  17.63
       6     242  17.64
       6     243  17.67
       6     244  17.69
       6     245  17.62
       6     246  17.52
       6     247  17.46
       6     248  17.41
       6     249  17.36
       6     250  17.25
       6     251  17.15
       6     252  17.12
       6     253  17.13
       6     254  17.13
       6     255  17.10
       6     256  17.04
       6     257  16.97
       6     258  16.91
       6     259  16.88
       6     260  16.83
       6     261  16.69
       6     262  16.52
       6     263  16.42
       6     264  16.36
       6     265  16.32
       6     266  16.28
       6     267  16.26
       6     268  16.26
       6     269  16.24
       6     270  16.17
       6     271  16.16
       6     272  16.03
       6     273  15.97
       6     274  15.93
       6     275  15.89
       6     276  15.86
       6     277  15.81
       6     278  15.72
       6     279  15.64
       6     280  15.56
       6     281  15.51
       6     282  15.44
       6     283  15.35
       6     284  15.24
       6     285  15.15
       6     286  15.06
       6     287  14.97
       6     288  14.93
       6     289  14.93
       6     290  14.92
       6     291  14.85
       6     292  14.81
       6     293  14.77
       6     294  14.73
       6     295  14.69
       6     296  14.66
       6     297  14.60
       6     298  14.52
       6     299  14.48
       6     300  14.47
       6     301  14.52
       6     302  14.52
       6     303  14.47
       6     304  14.41
       6     305  14.33
       6     306  14.24
       6     307  14.13
       6     308  14.05
       6     309  13.97
       6     310  13.90
       6     311  13.93
       6     312  13.99
       6     313  14.04
       6     314  14.09
       6     315  14.09
       6     316  14.08
       6     317  14.06
       6     318  14.03
       6     319  13.99
       6     320  14.00
       6     321  13.98
       6     322  13.92
       6     323  13.83
       6     324  13.73
       6     325  13.62
       6     326  13.59
       6     327  13.58
       6     328  13.55
       6     329  13.51
       6     330  13.49
       6     331  13.44
       6     332  13.44
       6     333  13.42
       6     334  13.34
       6     335  13.31
       6     336  13.39
       6     337  13.47
       6     338  13.50
       6     339  13.53
       6     340  13.66
       6     341  13.78
       6     342  13.85
       6     343  13.80
       6     344  13.69
       6     345  13.65
       6     346  13.57
       6     347  13.48
       6     348  13.50
       6     349  13.53
       6     350  13.64
       6     351  13.66
       6     352  13.66
       6     353  13.63
       6     354  13.65
       6     355  13.71
       6     356  13.69
       6     357  13.66
       6     358  13.66
       6     359  13.73
       6     360  13.78
       7       1  13.70
       7       2  13.60
       7       3  13.57
       7       4  13.61
       7       5  13.58
       7       6  13.51
       7       7  13.54
       7       8  13.67
       7       9  13.72
       7      10  13.69
       7      11  13.53
       7      12  13.41
       7      13  13.36
       7      14  13.38
       7      15  13.43
       7      16  13.51
       7      17  13.58
       7      18  13.57
       7      19  13.61
       7      20  13.60
       7      21  13.67
       7      22  13.75
       7      23  13.88
       7      24  13.87
       7      25  13.80
       7      26  13.79
       7      27  13.88
       7      28  13.94
       7      29  13.91
       7      30  13.84
       7      31  13.80
       7      32  13.79
       7      33  13.79
       7      34  13.72
       7      35  13.70
       7      36  13.74
       7      37  13.85
       7      38  13.95
       7      39  13.92
       7      40  13.91
       7      41  13.92
       7      42  13.83
       7      43  13.77
       7      44  13.77
       7      45  13.77
       7      46  13.78
       7      47  13.77
       7      48  13.80
       7      49  13.88
       7      50  13.93
       7      51  13.92
       7      52  13.91
       7      53  13.87
       7      54  13.85
       7      55  13.93
       7      56  14.00
       7      57  14.02
       7      58  14.09
       7      59  14.17
       7      60  14.24
       7      61  14.18
       7      62  14.15
       7      63  14.19
       7      64  14.18
       7      65  14.14
       7      66  14.09
       7      67  14.11
       7      68  14.14
       7      69  14.14
       7      70  14.15
       7      71  14.20
       7      72  14.22
       7      73  14.26
       7      74  14.28
       7      75  14.29
       7      76  14.35
       7      77  14.40
       7      78  14.45
       7      79  14.52
       7      80  14.59
       7      81  14.64
       7      82  14.71
       7      83  14.75
       7      84  14.72
       7      85  14.68
       7      86  14.66
       7      87  14.65
       7      88  14.65
       7      89  14.63
       7      90  14.62
       7      91  14.68
       7      92  14.78
       7      93  14.87
       7      94  14.91
       7      95  14.97
       7      96  15.05
       7      97  15.13
       7      98  15.16
       7      99  15.15
       7     100  15.12
       7     101  15.11
       7     102  15.13
       7     103  15.18
       7     104  15.22
       7     105  15.25
       7     106  15.30
       7     107  15.36
       7     108  15.37
       7     109  15.41
       7     110  15.47
       7     111  15.54
       7     112  15.61
       7     113  15.63
       7     114  15.64
       7     115  15.65
       7     116  15.69
       7     117  15.79
       7     118  15.88
       7     119  15.91
       7     120  15.92
       7     121  15.96
       7     122  15.99
       7     123  16.01
       7     124  16.14
       7     125  16.23
       7     126  16.27
       7     127  16.27
       7     128  16.28
       7     129  16.30
       7     130  16.32
       7     131  16.39
       7     132  16.49
       7     133  16.55
       7     134  16.59
       7     135  16.62
       7     136  16.66
       7     137  16.71
       7     138  16.79
       7     139  16.88
       7     140  17.03
       7     141  17.14
       7     142  17.21
       7     143  17.25
       7     144  17.24
       7     145  17.30
       7     146  17.38
       7     147  17.43
       7     148  17.46
       7     149  17.52
       7     150  17.58
       7     151  17.52
       7     152  17.50
       7     153  17.50
       7     154  17.50
       7     155  17.50
       7     156  17.51
       7     157  17.52
       7     158  17.54
       7     159  17.58
       7     160  17.61
       7     161  17.67
       7     162  17.73
       7     163  17.77
       7     164  17.80
       7     165  17.85
       7     166  17.90
       7     167  17.94
       7     168  17.96
       7     169  18.00
       7     170  18.01
       7     171  17.98
       7     172  17.96
       7     173  18.01
       7     174  18.07
       7     175  18.08
       7     176  18.06
       7     177  18.06
       7     178  18.09
       7     179  18.14
       7     180  18.19
       7     181  18.02
       7     182  17.98
       7     183  17.95
       7     184  17.92
       7     185  17.96
       7     186  18.04
       7     187  18.11
       7     188  18.21
       7     189  18.25
       7     190  18.28
       7     191  18.31
       7     192  18.29
       7     193  18.34
       7     194  18.35
       7     195  18.37
       7     196  18.35
       7     197  18.31
       7     198  18.31
       7     199  18.38
       7     200  18.43
       7     201  18.46
       7     202  18.45
       7     203  18.44
       7     204  18.45
       7     205  18.40
       7     206  18.35
       7     207  18.33
       7     208  18.32
       7     209  18.29
       7     210  18.23
       7     211  18.21
       7     212  18.19
       7     213  18.13
       7     214  18.09
       7     215  18.13
       7     216  18.13
       7     217  18.05
       7     218  17.99
       7     219  18.00
       7     220  17.99
       7     221  17.97
       7     222  17.97
       7     223  17.95
       7     224  17.94
       7     225  17.96
       7     226  18.00
       7     227  18.01
       7     228  18.04
       7     229  18.08
       7     230  18.05
       7     231  18.04
       7     232  18.03
       7     233  18.00
       7     234  17.98
       7     235  17.97
       7     236  17.86
       7     237  17.73
       7     238  17.66
       7     239  17.62
       7     240  17.58
       7     241  17.73
       7     242  17.69
       7     243  17.60
       7     244  17.52
       7     245  17.51
       7     246  17.53
       7     247  17.51
       7     248  17.49
       7     249  17.47
       7     250  17.42
       7     251  17.32
       7     252  17.23
       7     253  17.13
       7     254  17.06
       7     255  17.02
       7     256  16.98
       7     257  16.95
       7     258  16.90
       7     259  16.81
       7     260  16.74
       7     261  16.67
       7     262  16.61
       7     263  16.56
       7     264  16.47
       7     265  16.39
       7     266  16.31
       7     267  16.24
       7     268  16.15
       7     269  16.02
       7     270  15.92
       7     271  15.92
       7     272  15.84
       7     273  15.78
       7     274  15.73
       7     275  15.67
       7     276  15.60
       7     277  15.55
       7     278  15.50
       7     279  15.45
       7     280  15.38
       7     281  15.28
       7     282  15.18
       7     283  15.11
       7     284  15.05
       7     285  15.01
       7     286  14.96
       7     287  14.88
       7     288  14.79
       7     289  14.76
       7     290  14.78
       7     291  14.81
       7     292  14.77
       7     293  14.69
       7     294  14.66
       7     295  14.63
       7     296  14.59
       7     297  14.63
       7     298  14.60
       7     299  14.56
       7     300  14.55
       7     301  14.53
       7     302  14.53
       7     303  14.44
       7     304  14.36
       7     305  14.32
       7     306  14.28
       7     307  14.22
       7     308  14.17
       7     309  14.16
       7     310  14.14
       7     311  14.14
       7     312  14.16
       7     313  14.14
       7     314  14.08
       7     315  14.08
       7     316  14.06
       7     317  14.05
       7     318  14.04
       7     319  14.02
       7     320  13.94
       7     321  13.84
       7     322  13.79
       7     323  13.81
       7     324  13.85
       7     325  13.85
       7     326  13.79
       7     327  13.74
       7     328  13.70
       7     329  13.64
       7     330  13.60
       7     331  13.57
       7     332  13.60
       7     333  13.65
       7     334  13.61
       7     335  13.57
       7     336  13.58
       7     337  13.62
       7     338  13.64
       7     339  13.61
       7     340  13.59
       7     341  13.62
       7     342  13.68
       7     343  13.68
       7     344  13.67
       7     345  13.63
       7     346  13.55
       7     347  13.60
       7     348  13.73
       7     349  13.78
       7     350  13.78
       7     351  13.73
       7     352  13.66
       7     353  13.63
       7     354  13.57
       7     355  13.53
       7     356  13.53
       7     357  13.53
       7     358  13.49
       7     359  13.50
       7     360  13.54
       8       1  13.55
       8       2  13.47
       8       3  13.47
       8       4  13.44
       8       5  13.41
       8       6  13.45
       8       7  13.45
       8       8  13.46
       8       9  13.49
       8      10  13.56
       8      11  13.55
       8      12  13.59
       8      13  13.65
       8      14  13.71
       8      15  13.77
       8      16  13.78
       8      17  13.79
       8      18  13.78
       8      19  13.75
       8      20  13.72
       8      21  13.76
       8      22  13.75
       8      23  13.71
       8      24  13.63
       8      25  13.65
       8      26  13.73
       8      27  13.79
       8      28  13.82
       8      29  13.83
       8      30  13.83
       8      31  13.88
       8      32  13.86
       8      33  13.86
       8      34  13.92
       8      35  13.88
       8      36  13.87
       8      37  13.88
       8      38  13.92
       8      39  13.92
       8      40  13.93
       8      41  13.93
       8      42  13.96
       8      43  14.01
       8      44  14.07
       8      45  14.05
       8      46  14.01
       8      47  14.00
       8      48  14.06
       8      49  14.12
       8      50  14.17
       8      51  14.20
       8      52  14.22
       8      53  14.28
       8      54  14.31
       8      55  14.31
       8      56  14.26
       8      57  14.21
       8      58  14.16
       8      59  14.22
       8      60  14.24
       8      61  14.21
       8      62  14.23
       8      63  14.30
       8      64  14.32
       8      65  14.37
       8      66  14.39
       8      67  14.40
       8      68  14.43
       8      69  14.53
       8      70  14.61
       8      71  14.60
       8      72  14.55
       8      73  14.52
       8      74  14.47
       8      75  14.45
       8      76  14.54
       8      77  14.59
       8      78  14.67
       8      79  14.69
       8      80  14.64
       8      81  14.64
       8      82  14.71
       8      83  14.70
       8      84  14.69
       8      85  14.73
       8      86  14.75
       8      87  14.71
       8      88  14.65
       8      89  14.66
       8      90  14.66
       8      91  14.65
       8      92  14.64
       8      93  14.65
       8      94  14.70
       8      95  14.77
       8      96  14.82
       8      97  14.85
       8      98  14.90
       8      99  14.92
       8     100  14.96
       8     101  15.05
       8     102  15.11
       8     103  15.16
       8     104  15.17
       8     105  15.17
       8     106  15.18
       8     107  15.20
       8     108  15.28
       8     109  15.40
       8     110  15.52
       8     111  15.59
       8     112  15.67
       8     113  15.73
       8     114  15.75
       8     115  15.78
       8     116  15.78
       8     117  15.78
       8     118  15.81
       8     119  15.88
       8     120  15.97
       8     121  16.12
       8     122  16.21
       8     123  16.24
       8     124  16.27
       8     125  16.32
       8     126  16.42
       8     127  16.52
       8     128  16.58
       8     129  16.59
       8     130  16.64
       8     131  16.67
       8     132  16.72
       8     133  16.79
       8     134  16.81
       8     135  16.80
       8     136  16.82
       8     137  16.85
       8     138  16.92
       8     139  17.02
       8     140  17.15
       8     141  17.26
       8     142  17.30
       8     143  17.31
       8     144  17.32
       8     145  17.33
       8     146  17.31
       8     147  17.32
       8     148  17.32
       8     149  17.36
       8     150  17.44
       8     151  17.47
       8     152  17.50
       8     153  17.51
       8     154  17.56
       8     155  17.59
       8     156  17.60
       8     157  17.60
       8     158  17.59
       8     159  17.65
       8     160  17.75
       8     161  17.80
       8     162  17.80
       8     163  17.78
       8     164  17.78
       8     165  17.77
       8     166  17.77
       8     167  17.78
       8     168  17.86
       8     169  17.94
       8     170  18.03
       8     171  18.11
       8     172  18.20
       8     173  18.26
       8     174  18.25
       8     175  18.21
       8     176  18.24
       8     177  18.30
       8     178  18.35
       8     179  18.37
       8     180  18.36
       8     181  18.21
       8     182  18.23
       8     183  18.27
       8     184  18.28
       8     185  18.26
       8     186  18.19
       8     187  18.11
       8     188  18.08
       8     189  18.13
       8     190  18.19
       8     191  18.25
       8     192  18.28
       8     193  18.27
       8     194  18.31
       8     195  18.32
       8     196  18.32
       8     197  18.31
       8     198  18.27
       8     199  18.28
       8     200  18.31
       8     201  18.33
       8     202  18.27
       8     203  18.20
       8     204  18.15
       8     205  18.11
       8     206  18.07
       8     207  18.04
       8     208  18.01
       8     209  18.00
       8     210  18.02
       8     211  18.08
       8     212  18.13
       8     213  18.15
       8     214  18.13
       8     215  18.11
       8     216  18.09
       8     217  18.05
       8     218  18.05
       8     219  18.02
       8     220  18.04
       8     221  18.07
       8     222  18.08
       8     223  18.07
       8     224  18.05
       8     225  18.05
       8     226  18.06
       8     227  18.05
       8     228  18.05
       8     229  18.06
       8     230  18.06
       8     231  18.04
       8     232  18.00
       8     233  18.00
       8     234  17.98
       8     235  17.95
       8     236  17.94
       8     237  17.96
       8     238  17.91
       8     239  17.85
       8     240  17.75
       8     241  17.93
       8     242  17.85
       8     243  17.80
       8     244  17.75
       8     245  17.65
       8     246  17.55
       8     247  17.45
       8     248  17.39
       8     249  17.33
       8     250  17.29
       8     251  17.28
       8     252  17.26
       8     253  17.21
       8     254  17.14
       8     255  17.03
       8     256  16.93
       8     257  16.86
       8     258  16.80
       8     259  16.74
       8     260  16.70
       8     261  16.66
       8     262  16.59
       8     263  16.52
       8     264  16.48
       8     265  16.43
       8     266  16.36
       8     267  16.26
       8     268  16.16
       8     269  16.08
       8     270  16.03
       8     271  16.06
       8     272  16.06
       8     273  16.02
       8     274  15.95
       8     275  15.87
       8     276  15.80
       8     277  15.72
       8     278  15.61
       8     279  15.51
       8     280  15.46
       8     281  15.42
       8     282  15.39
       8     283  15.35
       8     284  15.34
       8     285  15.30
       8     286  15.22
       8     287  15.14
       8     288  15.06
       8     289  14.99
       8     290  14.91
       8     291  14.83
       8     292  14.75
       8     293  14.65
       8     294  14.52
       8     295  14.46
       8     296  14.46
       8     297  14.48
       8     298  14.49
       8     299  14.50
       8     300  14.52
       8     301  14.54
       8     302  14.53
       8     303  14.51
       8     304  14.47
       8     305  14.44
       8     306  14.41
       8     307  14.38
       8     308  14.33
       8     309  14.26
       8     310  14.14
       8     311  14.07
       8     312  14.13
       8     313  14.22
       8     314  14.24
       8     315  14.19
       8     316  14.07
       8     317  13.96
       8     318  13.87
       8     319  13.80
       8     320  13.72
       8     321  13.66
       8     322  13.68
       8     323  13.75
       8     324  13.85
       8     325  13.96
       8     326  13.93
       8     327  13.91
       8     328  13.87
       8     329  13.90
       8     330  13.94
       8     331  13.89
       8     332  13.88
       8     333  13.85
       8     334  13.77
       8     335  13.68
       8     336  13.63
       8     337  13.59
       8     338  13.53
       8     339  13.54
       8     340  13.56
       8     341  13.62
       8     342  13.62
       8     343  13.57
       8     344  13.54
       8     345  13.64
       8     346  13.65
       8     347  13.55
       8     348  13.52
       8     349  13.47
       8     350  13.45
       8     351  13.47
       8     352  13.44
       8     353  13.38
       8     354  13.35
       8     355  13.28
       8     356  13.22
       8     357  13.28
       8     358  13.42
       8     359  13.45
       8     360  13.43
       9       1  13.43
       9       2  13.46
       9       3  13.48
       9       4  13.52
       9       5  13.61
       9       6  13.73
       9       7  13.79
       9       8  13.81
       9       9  13.76
       9      10  13.74
       9      11  13.85
       9      12  13.89
       9      13  13.84
       9      14  13.76
       9      15  13.73
       9      16  13.72
       9      17  13.72
       9      18  13.77
       9      19  13.80
       9      20  13.77
       9      21  13.62
       9      22  13.50
       9      23  13.45
       9      24  13.40
       9      25  13.43
       9      26  13.37
       9      27  13.26
       9      28  13.28
       9      29  13.35
       9      30  13.47
       9      31  13.56
       9      32  13.68
       9      33  13.73
       9      34  13.74
       9      35  13.71
       9      36  13.70
       9      37  13.69
       9      38  13.69
       9      39  13.73
       9      40  13.86
       9      41  13.95
       9      42  14.04
       9      43  14.10
       9      44  14.11
       9      45  14.01
       9      46  14.00
       9      47  13.98
       9      48  13.99
       9      49  14.02
       9      50  14.07
       9      51  14.15
       9      52  14.20
       9      53  14.20
       9      54  14.19
       9      55  14.21
       9      56  14.18
       9      57  14.21
       9      58  14.21
       9      59  14.26
       9      60  14.35
       9      61  14.41
       9      62  14.45
       9      63  14.41
       9      64  14.39
       9      65  14.35
       9      66  14.36
       9      67  14.41
       9      68  14.46
       9      69  14.41
       9      70  14.37
       9      71  14.32
       9      72  14.35
       9      73  14.33
       9      74  14.32
       9      75  14.35
       9      76  14.37
       9      77  14.42
       9      78  14.40
       9      79  14.39
       9      80  14.47
       9      81  14.52
       9      82  14.52
       9      83  14.50
       9      84  14.54
       9      85  14.51
       9      86  14.53
       9      87  14.54
       9      88  14.62
       9      89  14.68
       9      90  14.74
       9      91  14.78
       9      92  14.85
       9      93  14.91
       9      94  14.96
       9      95  15.03
       9      96  15.07
       9      97  15.11
       9      98  15.12
       9      99  15.14
       9     100  15.19
       9     101  15.27
       9     102  15.37
       9     103  15.43
       9     104  15.45
       9     105  15.46
       9     106  15.46
       9     107  15.46
       9     108  15.49
       9     109  15.51
       9     110  15.53
       9     111  15.57
       9     112  15.63
       9     113  15.68
       9     114  15.71
       9     115  15.76
       9     116  15.86
       9     117  15.95
       9     118  16.04
       9     119  16.10
       9     120  16.12
       9     121  16.16
       9     122  16.21
       9     123  16.26
       9     124  16.28
       9     125  16.29
       9     126  16.33
       9     127  16.37
       9     128  16.41
       9     129  16.45
       9     130  16.49
       9     131  16.54
       9     132  16.62
       9     133  16.68
       9     134  16.74
       9     135  16.79
       9     136  16.86
       9     137  16.92
       9     138  16.94
       9     139  16.97
       9     140  17.03
       9     141  17.09
       9     142  17.12
       9     143  17.17
       9     144  17.22
       9     145  17.23
       9     146  17.21
       9     147  17.21
       9     148  17.26
       9     149  17.34
       9     150  17.43
       9     151  17.41
       9     152  17.41
       9     153  17.38
       9     154  17.38
       9     155  17.44
       9     156  17.54
       9     157  17.60
       9     158  17.62
       9     159  17.63
       9     160  17.67
       9     161  17.71
       9     162  17.75
       9     163  17.76
       9     164  17.77
       9     165  17.83
       9     166  17.89
       9     167  17.95
       9     168  18.01
       9     169  18.03
       9     170  18.05
       9     171  18.08
       9     172  18.08
       9     173  18.05
       9     174  18.03
       9     175  18.03
       9     176  18.02
       9     177  18.06
       9     178  18.09
       9     179  18.13
       9     180  18.15
       9     181  17.97
       9     182  17.98
       9     183  18.01
       9     184  18.05
       9     185  18.06
       9     186  18.06
       9     187  18.02
       9     188  17.99
       9     189  18.00
       9     190  18.04
       9     191  18.03
       9     192  18.03
       9     193  18.00
       9     194  18.00
       9     195  18.02
       9     196  18.01
       9     197  18.04
       9     198  18.04
       9     199  18.07
       9     200  18.05
       9     201  17.95
       9     202  17.92
       9     203  17.94
       9     204  17.95
       9     205  17.98
       9     206  17.98
       9     207  18.00
       9     208  18.03
       9     209  18.03
       9     210  18.03
       9     211  18.04
       9     212  18.07
       9     213  18.10
       9     214  18.11
       9     215  18.12
       9     216  18.14
       9     217  18.16
       9     218  18.13
       9     219  18.04
       9     220  17.96
       9     221  17.89
       9     222  17.90
       9     223  17.93
       9     224  17.96
       9     225  17.98
       9     226  17.95
       9     227  17.92
       9     228  17.91
       9     229  17.90
       9     230  17.89
       9     231  17.88
       9     232  17.89
       9     233  17.88
       9     234  17.82
       9     235  17.77
       9     236  17.75
       9     237  17.74
       9     238  17.73
       9     239  17.70
       9     240  17.65
       9     241  17.75
       9     242  17.67
       9     243  17.64
       9     244  17.60
       9     245  17.57
       9     246  17.57
       9     247  17.55
       9     248  17.51
       9     249  17.41
       9     250  17.30
       9     251  17.24
       9     252  17.23
       9     253  17.22
       9     254  17.20
       9     255  17.15
       9     256  17.09
       9     257  17.05
       9     258  16.99
       9     259  16.89
       9     260  16.77
       9     261  16.66
       9     262  16.57
       9     263  16.48
       9     264  16.45
       9     265  16.41
       9     266  16.40
       9     267  16.40
       9     268  16.34
       9     269  16.25
       9     270  16.16
       9     271  16.14
       9     272  16.07
       9     273  15.99
       9     274  15.89
       9     275  15.79
       9     276  15.69
       9     277  15.61
       9     278  15.59
       9     279  15.61
       9     280  15.65
       9     281  15.64
       9     282  15.61
       9     283  15.57
       9     284  15.52
       9     285  15.40
       9     286  15.27
       9     287  15.15
       9     288  15.03
       9     289  14.92
       9     290  14.89
       9     291  14.92
       9     292  14.95
       9     293  14.93
       9     294  14.86
       9     295  14.79
       9     296  14.74
       9     297  14.68
       9     298  14.59
       9     299  14.48
       9     300  14.40
       9     301  14.38
       9     302  14.40
       9     303  14.42
       9     304  14.44
       9     305  14.42
       9     306  14.40
       9     307  14.37
       9     308  14.36
       9     309  14.37
       9     310  14.35
       9     311  14.29
       9     312  14.20
       9     313  14.11
       9     314  14.07
       9     315  14.02
       9     316  13.98
       9     317  13.92
       9     318  13.83
       9     319  13.79
       9     320  13.80
       9     321  13.79
       9     322  13.74
       9     323  13.77
       9     324  13.81
       9     325  13.84
       9     326  13.94
       9     327  14.06
       9     328  14.09
       9     329  14.08
       9     330  14.03
       9     331  13.92
       9     332  13.87
       9     333  13.87
       9     334  13.87
       9     335  13.91
       9     336  13.98
       9     337  14.00
       9     338  13.98
       9     339  13.92
       9     340  13.84
       9     341  13.77
       9     342  13.80
       9     343  13.74
       9     344  13.68
       9     345  13.65
       9     346  13.54
       9     347  13.47
       9     348  13.48
       9     349  13.50
       9     350  13.55
       9     351  13.60
       9     352  13.63
       9     353  13.65
       9     354  13.62
       9     355  13.66
       9     356  13.69
       9     357  13.71
       9     358  13.78
       9     359  13.77
       9     360  13.75
      10       1  13.79
      10       2  13.78
      10       3  13.76
      10       4  13.76
      10       5  13.77
      10       6  13.74
      10       7  13.76
      10       8  13.76
      10       9  13.66
      10      10  13.61
      10      11  13.64
      10      12  13.65
      10      13  13.61
      10      14  13.57
      10      15  13.56
      10      16  13.52
      10      17  13.48
      10      18  13.50
      10      19  13.57
      10      20  13.62
      10      21  13.65
      10      22  13.65
      10      23  13.66
      10      24  13.73
      10      25  13.77
      10      26  13.75
      10      27  13.82
      10      28  13.86
      10      29  13.89
      10      30  13.92
      10      31  13.84
      10      32  13.89
      10      33  13.92
      10      34  13.85
      10      35  13.88
      10      36  13.97
      10      37  13.99
      10      38  13.99
      10      39  13.93
      10      40  13.82
      10      41  13.74
      10      42  13.70
      10      43  13.72
      10      44  13.78
      10      45  13.84
      10      46  13.88
      10      47  13.89
      10      48  13.85
      10      49  13.81
      10      50  13.93
      10      51  14.06
      10      52  14.11
      10      53  14.18
      10      54  14.24
      10      55  14.28
      10      56  14.34
      10      57  14.30
      10      58  14.23
      10      59  14.20
      10      60  14.20
      10      61  14.13
      10      62  14.12
      10      63  14.21
      10      64  14.27
      10      65  14.29
      10      66  14.37
      10      67  14.38
      10      68  14.36
      10      69  14.29
      10      70  14.21
      10      71  14.18
      10      72  14.20
      10      73  14.27
      10      74  14.31
      10      75  14.32
      10      76  14.43
      10      77  14.52
      10      78  14.61
      10      79  14.63
      10      80  14.66
      10      81  14.69
      10      82  14.72
      10      83  14.70
      10      84  14.70
      10      85  14.74
      10      86  14.75
      10      87  14.82
      10      88  14.92
      10      89  15.00
      10      90  15.10
      10      91  15.15
      10      92  15.22
      10      93  15.24
      10      94  15.26
      10      95  15.27
      10      96  15.29
      10      97  15.30
      10      98  15.29
      10      99  15.28
      10     100  15.28
      10     101  15.27
      10     102  15.28
      10     103  15.32
      10     104  15.38
      10     105  15.48
      10     106  15.57
      10     107  15.62
      10     108  15.67
      10     109  15.67
      10     110  15.70
      10     111  15.77
      10     112  15.84
      10     113  15.93
      10     114  16.00
      10     115  16.05
      10     116  16.06
      10     117  16.08
      10     118  16.11
      10     119  16.15
      10     120  16.18
      10     121  16.24
      10     122  16.30
      10     123  16.33
      10     124  16.35
      10     125  16.35
      10     126  16.41
      10     127  16.46
      10     128  16.58
      10     129  16.70
      10     130  16.79
      10     131  16.81
      10     132  16.84
      10     133  16.86
      10     134  16.87
      10     135  16.90
      10     136  16.98
      10     137  17.03
      10     138  17.04
      10     139  17.05
      10     140  17.06
      10     141  17.07
      10     142  17.10
      10     143  17.18
      10     144  17.27
      10     145  17.31
      10     146  17.33
      10     147  17.38
      10     148  17.43
      10     149  17.48
      10     150  17.53
      10     151  17.44
      10     152  17.40
      10     153  17.36
      10     154  17.37
      10     155  17.37
      10     156  17.38
      10     157  17.43
      10     158  17.51
      10     159  17.66
      10     160  17.78
      10     161  17.86
      10     162  17.91
      10     163  17.95
      10     164  17.98
      10     165  17.98
      10     166  17.92
      10     167  17.91
      10     168  17.89
      10     169  17.90
      10     170  17.91
      10     171  17.92
      10     172  17.93
      10     173  17.97
      10     174  18.06
      10     175  18.13
      10     176  18.18
      10     177  18.23
      10     178  18.28
      10     179  18.32
      10     180  18.32
      10     181  18.15
      10     182  18.11
      10     183  18.10
      10     184  18.10
      10     185  18.13
      10     186  18.19
      10     187  18.22
      10     188  18.24
      10     189  18.28
      10     190  18.34
      10     191  18.35
      10     192  18.31
      10     193  18.33
      10     194  18.34
      10     195  18.30
      10     196  18.26
      10     197  18.22
      10     198  18.13
      10     199  18.06
      10     200  18.03
      10     201  18.02
      10     202  18.02
      10     203  18.06
      10     204  18.09
      10     205  18.10
      10     206  18.08
      10     207  18.05
      10     208  18.01
      10     209  17.99
      10     210  18.00
      10     211  17.97
      10     212  17.97
      10     213  18.00
      10     214  18.02
      10     215  18.01
      10     216  17.97
      10     217  17.92
      10     218  17.88
      10     219  17.83
      10     220  17.82
      10     221  17.85
      10     222  17.81
      10     223  17.78
      10     224  17.78
      10     225  17.79
      10     226  17.80
      10     227  17.78
      10     228  17.78
      10     229  17.76
      10     230  17.72
      10     231  17.70
      10     232  17.67
      10     233  17.67
      10     234  17.68
      10     235  17.69
      10     236  17.72
      10     237  17.74
      10     238  17.72
      10     239  17.69
      10     240  17.68
      10     241  17.88
      10     242  17.88
      10     243  17.87
      10     244  17.78
      10     245  17.68
      10     246  17.58
      10     247  17.47
      10     248  17.37
      10     249  17.28
      10     250  17.20
      10     251  17.13
      10     252  17.05
      10     253  16.96
      10     254  16.89
      10     255  16.83
      10     256  16.78
      10     257  16.75
      10     258  16.72
      10     259  16.65
      10     260  16.57
      10     261  16.51
      10     262  16.50
      10     263  16.52
      10     264  16.52
      10     265  16.46
      10     266  16.36
      10     267  16.24
      10     268  16.12
      10     269  16.04
      10     270  15.99
      10     271  16.03
      10     272  16.00
      10     273  15.93
      10     274  15.87
      10     275  15.80
      10     276  15.72
      10     277  15.65
      10     278  15.61
      10     279  15.57
      10     280  15.52
      10     281  15.46
      10     282  15.41
      10     283  15.36
      10     284  15.31
      10     285  15.23
      10     286  15.15
      10     287  15.09
      10     288  15.07
      10     289  15.04
      10     290  14.97
      10     291  14.91
      10     292  14.83
      10     293  14.77
      10     294  14.74
      10     295  14.78
      10     296  14.79
      10     297  14.79
      10     298  14.74
      10     299  14.68
      10     300  14.70
      10     301  14.76
      10     302  14.78
      10     303  14.71
      10     304  14.62
      10     305  14.58
      10     306  14.60
      10     307  14.63
      10     308  14.56
      10     309  14.48
      10     310  14.44
      10     311  14.38
      10     312  14.38
      10     313  14.32
      10     314  14.24
      10     315  14.22
      10     316  14.22
      10     317  14.18
      10     318  14.11
      10     319  14.05
      10     320  14.01
      10     321  14.00
      10     322  13.97
      10     323  13.96
      10     324  13.91
      10     325  13.87
      10     326  13.87
      10     327  13.89
      10     328  13.85
      10     329  13.84
      10     330  13.86
      10     331  13.77
      10     332  13.74
      10     333  13.74
      10     334  13.78
      10     335  13.80
      10     336  13.77
      10     337  13.74
      10     338  13.79
      10     339  13.78
      10     340  13.78
      10     341  13.75
      10     342  13.72
      10     343  13.76
      10     344  13.80
      10     345  13.81
      10     346  13.83
      10     347  13.79
      10     348  13.74
      10     349  13.75
      10     350  13.74
      10     351  13.75
      10     352  13.80
      10     353  13.79
      10     354  13.85
      10     355  13.81
      10     356  13.82
      10     357  13.84
      10     358  13.87
      10     359  13.88
      10     360  13.91
